-178.22008335037447
-28.13899502407341
-14.437409327793333
-115.3660042919416
-52.97013417785123
-51.302987016843176
-44.32134990295762
-199.46202874356726
-245.5117083838206
214.69243912804706
201.79552943693437
-81.04239496891428
-245.32915986219228
89.1950186921272
-43.47447830178248
-230.0280801872724
-194.966501267102
-181.8777361945771
-284.7980840455529
-190.72500724892507
-56.51349948359457
-180.60133625998589
-150.61312942116598
163.16414630749745
-97.5114095300401
-132.7388022639689
-120.37383083151975
-128.71745172606492
-112.3697556672407
-375.664863297868
-333.13474133319147
-114.3597526532211
-173.6601188951572
-248.2403235761288
-430.3912991325382
-215.10681611801735
-457.7018951479382
-324.25299206402195
-236.1406897628992
-244.12360533097996
-237.21442468462544
-152.98405501656015
-495.3250692688092
-423.198611647255
-241.46158602979986
-247.37495875461616
-124.71842039945089
-254.66390729528968
-82.41290660547038
-106.40147173147919
-144.16146945206424
-301.3587210656726
-129.52367097517288
-70.24778792692446
-461.1995233791597
-109.82708447000391
-254.7630471306682
-288.2971246210716
-304.57681712212275
-199.68739682616447
-50.170749630694374
-135.99928799114318
174.69591240311107
-75.60108643564064
-48.961799320605564
-295.22614709650384
-304.4657602134706
-13.376798985448161
-58.579886137288746
-76.2955180897849
-178.5017068171943
-129.38912260395574
-237.25466887752052
-74.56355539118007
-92.2899503356132
-181.64729344947074
61.43004601740585
171.90822418993918
-91.56324786371148
153.90748418349108
-223.02246752203234
-79.62556684065822
-84.48742201817954
-167.1298327825478
-116.31106733259438
-81.9052112600214
-119.25398196482442
-217.47809005482014
-95.94874553915638
-14.87326008476262
-215.4303804378552
-102.10862086131515
-185.65514655008474
227.27789722347825
-205.2194323212547
-193.1839874321197
-198.32609121410258
-106.66134863324712
-109.43801056598974
151.6701740723244
-111.33636192695451
-242.4623375637119
-113.09818469019702
265.20867783152613
-39.289156554368034
-184.5316533117673
-28.227560247518483
-160.67000269739333
-133.8157830071242
-227.07469231859352
231.47581368668256
-42.05185072236249
-61.897067652238924
-240.73970441367726
-141.46139151562335
-34.35082661965747
-129.92140538299043
126.93328165493844
-183.64962479297088
164.89663581931876
-254.12575489572967
-115.89598290396361
-67.8929766637406
-206.48088762054283
-193.19396053929785
236.88270319928102
-40.59667020594836
-135.6188187030275
158.2353725378826
156.97049080186534
124.70225198583488
-296.7385890729993
45.20374901797072
-16.82663221410624
-107.18253013346445
111.41244585934241
-192.79033516068102
16.03645374484404
-309.14465665739726
-163.65303286327497
-164.93964214262587
-21.842164188484844
167.22482699738998
233.89350589326313
2.842071236089481
-133.61916547576186
137.74821186603668
-17.989392235430927
-169.37344658963224
-6.174789774756206
26.917520087799787
-12.13888996378597
23.17757857364458
-77.3714682091341
-8.505362012733826
5.7461240066053705
42.7217685873276
8.088438507891055
-168.07989799097527
-128.55155054465445
-65.24100515924697
290.7819847737212
6.710681436350399
96.22474912034852
27.764219567255026
10.597549070247766
-114.4386756027811
141.11108525566468
115.64343802932717
50.866297754958424
196.06422272650173
54.99026460843904
168.84424661355496
-95.50674625163273
-17.616972926475242
65.52508501542339
56.13905571946009
75.31780814343664
212.02394702800595
-17.593274782685725
-98.59323974743528
-309.64776472206853
-69.14751082145152
-214.08660485442385
-124.28928392448633
-114.56671890069516
112.175092063178
-41.666708867322136
-293.51446004679286
4.553502927112817
-61.620334639547636
-131.77389866976202
-103.98557635075255
-337.23679676020157
89.19528854023433
-676.1714090875447
-1170.9802778113553
-199.44054995014358
-352.34247422739463
-146.13117166714025
-529.9650723811314
-421.4987662048698
-636.8750268032526
-325.2359000194283
-537.9209037640865
-57.014230970090054
-1110.0039581126694
-1214.971414425159
-295.1924944098837
-257.3060571254586
-265.0813285560971
-330.4078709859192
-1434.020167926901
-284.25500995034247
-428.2951680564978
-1537.8320034725027
-683.1689356740986
-449.0058346865977
-956.7214062110861
-1009.0146453337027
-598.9167645222244
-406.6592395370369
-1003.9908279631017
-253.90855303932096
-205.6863678928916
-237.37675255294525
-488.54460983025456
-187.97847865394118
283.66423092299976
8.592435064699117
-149.81473507804304
-221.14054690810136
-309.5232231271809
-69.00832427621056
-264.3201522324332
-441.57347383024813
-680.6823252625264
-625.1566379273797
-300.3262587390907
-718.6051135095003
-148.4853565313619
-66.79284931087713
-181.7160987246663
-175.95972606053175
-148.45161445872014
-832.6715378866578
-251.25496229441484
-338.0596960850779
-390.223902981753
-493.85526651556523
-44.330031906705884
-224.50588536581733
-185.65979436591877
-336.9865632188365
-337.67322072179184
-398.60068161311693
-373.2885217235388
-580.2992700050415
-542.6424996067303
-499.4207555519131
-414.9082336477097
-731.743239965795
-568.6548029922046
-196.34675053430615
-278.6281445277774
-601.9779429204741
-408.81823500449383
-527.2896744931418
-405.0675528209295
-412.67975316638183
-546.3320588396382
-594.6928581411094
-520.0820813021899
-460.51016228625303
-133.94282195983345
-237.2345826843374
-359.22241165319446
-568.4706687507866
-182.9920190818233
-288.00184022511166
-415.2088328137613
-421.2384867637161
-312.48495354649447
-458.19523270103946
-82.46623006451264
-182.1634302437711
-135.11407830603562
-201.67887854434966
-406.68544527735577
-514.1025618806152
-362.6292507741838
-423.88502810349354
-517.7651486965127
-586.2293261737148
-463.9596755819771
-221.35835771082765
-315.4878464149426
-580.5332670924034
-390.7540117413174
-420.21521486851276
-432.88508290620723
-533.198189377483
-129.74754019029905
-483.7942709619003
-380.8989056260959
-285.61737452445874
-292.0554663041999
-158.13936252651825
176.3847218129274
-227.23658626546762
-320.36947382359494
-175.54130675924603
-294.64408366287375
-303.3999749547355
-348.08955395447805
-253.77407056555373
-319.6720225031627
-360.4419910815452
-310.53714053752066
-333.70881324285153
-68.96130008112107
-135.2871317649321
-176.78625184121762
-266.80240181142767
-310.64930438602096
-528.2085997855256
-527.7399321148184
-288.44054753756757
-428.9339248092696
-486.2306901360644
-210.2799880547491
-221.04007514702218
-596.3598071577426
-802.7778335811441
-697.0857572739448
-747.1710538555214
-54.76823064321934
-222.6358104965658
-696.1887402106695
-549.5379056824913
-266.9995654593381
-698.0838392042733
-263.3368200151068
-339.86675960585455
-256.5256153819728
-53.012342659014635
-234.68103801598838
-421.78669892868606
-136.81852049343408
-6.271483569834274
-254.0127855530226
-586.3445152487598
-937.0117323871751
-881.8239776098059
0.3988979521956253
-123.80004565597085
-1075.9497766537183
-625.6863147118571
-19.541717095075413
-185.14457822161216
-135.53997431323256
-1016.2170096722241
-647.0283276819142
-225.72795086143856
-877.3133432593432
-619.2595956359019
-719.0989972983186
-732.2821083983378
-121.4624866191038
-264.9936872720848
-843.1996904861196
-575.3703585637275
-1061.2910848924046
-975.703706117852
-862.4063307411964
-1073.8535941806126
-257.69942724694624
-261.8719651316404
-463.11299451718327
-910.100851077355
-657.3045511560911
-340.78164479790416
-1375.0636031445943
-508.21042281660687
-1060.4834974138635
-512.0846806352782
-993.0126678735714
-677.9355690692202
-604.2702292666045
-376.98648104926843
-206.29926553136465
-319.8190307017911
-296.4167742265629
-741.1950950988228
-349.0428040076807
-1013.7566841108073
-739.9213560764259
-323.3654240736039
-735.1067613023353
-789.3849135969875
-237.55530786383193
-401.1976984764709
-489.3416861538056
-483.6915447188577
-261.3535708713863
-979.4201171797107
-225.15357194255947
-589.437479024007
-537.3847632921531
-261.2822220322199
-1094.1470778549924
-669.4663970926666
-301.0786920775631
-662.6316696538344
-786.3104591665367
-690.2213695936848
-696.8116088174634
-237.8203517451301
-200.57908949959798
-305.10793897387066
-803.1538760129993
-989.1550128285555
-785.6913431966741
-146.729796299165
-264.24849774289476
-718.4681998426711
-190.25182083035526
-412.95791198324014
-400.2331222872266
-340.48796897285933
-284.73318300870676
-275.9239178975746
-294.15150048533195
-313.7433014206997
-279.4054225208459
-753.594289699031
-443.95205605315607
-618.2441026071102
-429.2698325891415
-583.6993022494687
-906.2892673999545
-771.9559220720982
-481.07680555514645
-589.2785629944017
-608.4213514280232
-399.1266231754678
-542.9366791689276
-302.05769613718013
-302.06763773203784
-739.3278897010947
-701.5795227876224
-476.9450146334266
-619.103341291019
-752.53109454882
-468.1377363594139
-710.5625172819762
-614.0115947042929
-452.40949575019255
-418.69358502704836
-383.67114676876986
-1098.8727011299075
-545.1649322861682
-810.1654749378937
-853.7531941752179
-648.9151301552542
-600.4796579262346
-627.4889860706542
-496.3499432835594
-552.9090646435029
-551.319744005077
-437.29748468447235
-512.2392321103418
-641.1206359703972
-533.7773675206311
-598.0238879840051
-610.2424129508831
-499.36372162208704
-668.8851652297197
-903.8488220864776
-477.7903906998453
-395.25945203953853
-473.7537916655424
-300.2518705147395
-698.3990272712169
-548.0285690099804
-740.9615568953064
-781.8715895977276
-702.521616095255
-729.9434451171564
-891.3285888476499
-509.5575285449144
-607.386280635179
-678.0178124373036
-721.4103180721901
-745.496037488237
-480.7690351715864
-390.99833705836045
-677.5092206770383
-433.9519307048022
-303.1416053472485
-606.5701049523029
-383.6482884187005
-522.2510591780284
-402.3054414654139
-483.17525212763
-580.6680641060452
-338.4512102930591
-602.1271193309583
-487.5961441992598
-260.3549111199805
-718.8488613575958
-675.0497724353502
-405.5633756905292
-819.0184380519274
-278.98634341807826
-592.1225647740662
-454.6217488068712
-716.0164371431279
-660.2448761662097
-903.6500976868289
-941.2468378160972
-889.1245557438996
-503.9365190434183
-647.1130519082341
-396.97618923730784
-693.7672258972146
-623.3414358091835
-470.7303186235269
-663.829715331057
-484.277803422455
-466.7694655937322
-398.41840773155656
-779.3823710094596
-832.1655795730876
-657.7540797873024
-668.4201256012855
-588.1766459266864
-573.5166097459344
-563.039623883518
-413.97472235265116
-726.2596725348914
-808.7718632800379
-562.1142641090539
-661.5402928961656
-621.9511020403063
-517.4640559570007
-364.47670924003523
-331.9345222920374
-867.3068387559945
-419.07699469458714
-401.00836020239603
-411.0329263677567
-446.5693122447047
-696.9478939911554
-601.115905607632
-543.0765008562049
-387.8703241121929
-576.4878480913671
-576.6307175272037
-559.3234637688486
-415.63339302491033
-750.3965331667029
-744.122571863567
-970.9009613649316
-551.3793264626049
-721.024952580033
-778.586561097865
-633.73896768663
-725.602236349775
-869.607530037101
-431.27095040448256
-519.7871351053928
-672.7783673155687
-710.209428028603
-595.045810084413
-650.407459156672
-780.1397737628365
-738.7490805230753
-352.4615845163271
-560.2940383301491
-734.3703970724566
-586.9608540945219
-620.3221175423782
-566.5482877704642
-615.784585762782
-756.6086648418244
-628.4937451404617
-750.3541669135537
-657.5703838769911
-786.7925153910594
-848.1081083789699
-472.1047935697691
-824.6238159627937
-479.20872750284025
-468.2633384719703
-494.6015014662697
-491.77277576137914
-629.921790492416
-692.8686105545169
-481.9000582953145
-553.8632854089349
-444.7277365836747
-512.351132122149
-692.6632158548244
-392.0770893966732
-388.4588723679393
-410.3693297988342
-739.6206775410543
-515.4574445577924
-782.985359575532
-1045.7299962414118
-922.1913107670795
-621.6383039223821
-713.7626849903944
-397.2101000675302
-592.423566197282
-625.2465744645573
-822.9144528010149
-632.9631763651887
-937.6267735843163
-693.7094013844887
-584.4143500664468
-571.8606681940712
-492.4189668791469
-531.2274301093759
-574.0328327358909
-591.091267093049
-616.1570985716709
-740.7375884682078
-550.4959927979785
-550.1166971280325
-675.844441911792
-790.454362048664
-658.7235568316545
-483.57180868766454
-438.0518137681537
-701.2275465650051
-685.7273126311185
-482.2758008655032
-592.3942332214618
-685.5022150752076
-533.2359348018118
-652.6252461174333
-656.0405277976131
-445.67735700306
-658.9218667761141
-647.8360649670631
-440.291110671728
-504.780306317738
-568.0606925015007
-571.7095688047284
-569.0420878549455
-410.46694000989777
-535.563192718583
-535.4353939776702
-668.3451630701093
-430.4684517865204
-642.2928805405776
-338.1358048498411
-602.6417749148347
-577.5007653302955
-823.8165490462588
-566.1424037595706
-589.1893571735623
-519.6218128808815
-687.3892220762643
-722.7188874831353
-680.0784691173423
-682.4168937547257
-637.263293446823
-698.3906997526838
-714.682553910166
-656.2142827035781
-623.7934997182624
-461.7846105094291
-734.5624116683563
-652.5424436326151
-636.8696656552539
-758.4519582831945
-636.9940676963263
-553.8002302127813
-659.9120443432931
-567.3652050347146
-523.6488952746038
-543.7562840858379
-450.8625767743288
-674.9792116017073
-617.0286487586857
-535.4605230776103
-536.1489854324125
-625.5695349108266
-295.19795604222674
-463.953986015441
-640.9095599226581
-425.3644154329534
-653.5630237688189
-492.9659432370942
-710.6573340027204
-688.4062220751257
-369.22840131479245
-504.1332244777364
-485.64909441107693
-763.8089605448749
-672.1114920047705
-526.6866832206019
-398.7657203364302
-634.7770630605147
-462.42708361463974
-557.1256038938047
-526.6044858844408
-466.8788180274411
-494.92732333388466
-454.2478798050552
-540.2549809812142
-323.20867989090294
-597.5274001917081
-589.656867034929
-449.0954865978771
-597.2553080550686
-308.7358114240642
-407.2688428658017
-290.27029752019223
-540.142965186498
-542.6060064990413
-351.77025242875703
-546.4609493433327
-418.37573216466274
-111.24196860669589
-320.7075066961006
-534.081829717287
-236.03495823286798
-379.6533326783055
-423.1871539517183
-498.25833649528187
-286.31483161323695
-464.9424967403921
-609.7543677456372
-428.7371854234596
-375.81750373635504
-568.9762856910504
-709.8747442644426
-726.4296480419525
-491.72198069043833
-389.59759433550323
-483.1330198947269
-811.8737416720929
-629.7442428227431
-634.0437039636455
-440.4172379644377
-659.8779110459758
-710.0461063130454
-632.0599676038659
-661.8333980075779
-360.6393400368169
-596.6691052328795
-704.2333911067602
-662.2193805979252
-665.7287813046574
-665.1820080447535
-683.4015566051564
-458.4998919805892
-560.8345543951996
-767.9619250002696
-441.9898692398254
-602.1041402538999
-573.2134801831223
-713.5127514792366
-471.68982489997046
-464.38104486023667
-627.3642463018922
-440.7997772645834
-736.7531800231374
-573.193781957495
-495.6813608582928
-673.6927583760371
-448.71685493012257
-604.7512802848314
-425.2259800384693
-519.3375283490774
-347.95180344970265
-420.92395615945367
-467.82859012178056
-249.3085653837431
-310.3150522406786
-359.03824299671487
-643.544145139854
-482.0140120818478
-377.99134521139837
-462.11393306906126
-461.74041810171616
-402.9753323818702
-421.16296629960937
-599.8053733632639
-358.5928816561766
-384.85793304696
-533.5181415059158
-233.16497411101722
-471.04166806315556
-522.1863244071495
-164.0891222391106
-379.0840808670273
-524.9164070057441
-588.6444191782866
-403.4254979636279
-708.9134578156131
-461.15603091905643
-500.2857723442519
-433.1138833570684
-451.83403301277605
-649.1655830748316
-434.77604723329534
-509.07494186831195
-537.4830122372007
-557.4937129577401
-463.90849054280585
-608.8160265010956
-400.2792532905646
-528.8244591858008
-234.6054083733393
-402.78048731671345
-617.311704261603
-510.0255668513291
-446.53435321366646
-457.81365402982425
-608.1825963094159
-357.1056138046952
-221.6925804006662
-381.6538956492286
-216.4616545550306
-496.640838173625
-328.2773797873251
-495.907202794553
-658.0522620311235
-347.92478420275995
-539.6297671603616
-629.5777869862053
-597.4490759787979
-562.9645482790331
-482.27092350258636
-417.19423489665496
-438.3682485342378
-381.75001302604284
-340.3020665129524
-351.2138227077914
-619.9837894331783
-436.47980862737603
-417.04176414545805
-547.0329098781904
-403.2208028059171
-448.3073018901503
-370.7907360449779
-452.25786129562096
-350.82806378577465
-381.82135786494166
-545.0972344936706
-472.44481638978823
-702.5909705979972
-296.29458365770836
-242.44107926056964
-502.6046341773274
-605.9792015119903
-634.2286467862332
-515.4704427017234
-547.9224380123183
-509.7242332824542
-467.37704312922205
-357.76796989723664
-633.2719879813693
-286.62509112153526
-850.8755602070928
-487.84016690271113
-371.1614721227752
-333.7424504474416
-248.66266461640961
-669.8151159424932
-439.58366747098495
-448.8912111222399
-379.9437020189225
-540.9143397231338
-654.6431545675387
-360.5491919485108
-475.931502250102
-420.7202926563529
-867.5088384962243
-527.5974277211635
-600.8479607658928
-538.7728207566099
-406.4721346273902
-450.4980119634579
-639.0218968935186
-510.1896758672127
-425.59024539301663
-440.07869282041025
-201.54140946935416
-290.82259420165803
-386.5795294496715
-471.8505961635482
-616.8175050322412
-478.0971402844629
-561.9616923707231
-481.2951672433793
-370.8077999976919
-419.7590277471538
-227.5330723458351
-542.5959802289024
-499.34002232394266
-500.7796236134556
-486.07014451573144
-633.2068788548579
-608.1212279890198
-500.6829355219285
-427.00631410586385
-369.26942940070546
-426.6799411031313
-546.2453020999559
-501.91443790268795
-584.6566006426326
-545.9006521599833
-645.9482574354976
-302.79020239045803
-588.5743705804275
-379.7708236499957
-205.24457694848542
-542.846200083613
-387.8086376726131
-616.1240991928424
-558.6150427202972
-571.0630788150424
-236.40704027642428
-663.4138534450932
-561.2262385515012
-588.9072879595451
-125.03919614107917
-285.5804916527499
-206.6202015599505
-328.50676800586336
-397.25718506671325
-474.10945577473194
-426.95952154363385
-493.1593035930195
-589.7561075454662
-339.1415616264347
-542.9144744172913
-747.6373210723063
-540.8297868554539
-738.0515034574568
-362.67791036734513
-587.5958592281385
-410.442046361754
-359.9927481591249
-553.8757938807137
-447.3538012319515
-550.0428959876194
-344.9817873872777
-597.7869724076976
-349.96441904453286
-320.69116959300425
-380.6707543224911
-265.090708117553
-601.5041262473055
-457.53815387940017
-617.363584606541
-324.8837070959888
-286.3473922405684
-543.2078575851093
-531.8140934379888
-631.7977678063626
-350.69835606624054
-755.4104213968116
-342.9409005387053
-287.8943727335043
-518.8517843188407
-610.2193359079021
-702.5573342267348
-424.8968862773708
-446.32901737305616
-725.9514787225459
-518.642390529784
-518.569731019878
-665.4249022795483
-532.9543204712077
-624.3049163811963
-449.4578823688405
-445.2429696242736
-726.3732919458263
-543.2058929451061
-671.95957411265
-370.5422727378405
-629.0906737633517
-404.507488045606
-545.7116599308599
-653.5664021395746
-545.730819089151
-414.370607591813
-361.4989904346844
-548.8352828765127
-386.2233811293891
-400.4457129039561
-464.5420551767986
-502.33574417110196
