-122.22492830347323
37.54522534681652
-48.1800281475187
-21.712080971458533
7.48615126804755
0.8666554573758418
13.065384958501454
112.22493402916415
-22.782451005656256
89.60226028118868
-199.11842261027695
5.277202833643756
24.579921380318126
15.75841160032511
32.249080589407384
31.834043241457493
-72.19529901565703
-185.1111772988528
-171.14310104436802
-70.93549570657648
-48.72684704199379
-21.507682807399604
15.100422373881983
-0.004302684866232198
227.19952027754002
-22.361758557262107
-77.3312553701785
-20.755151689747777
-39.96358029047452
-145.37992845940198
86.87199403317297
-194.7093720459393
204.64299377970417
-161.84619158606125
-64.25242905421618
115.90803170177001
-26.4588719515732
-75.15308447223175
129.13573126602674
9.030264982336234
-60.768014937864635
-88.51948863428237
-41.003374995203636
-203.1303490954501
-28.795009313501453
10.706198635790301
-22.602541881969373
-174.72396765757063
-50.86236403981067
-86.43199650989744
-48.56003215316703
9.88747109326495
-66.14956945419468
-128.58618242220098
249.96739496658248
22.08966895242638
-50.40910567290414
224.2437546273301
-101.260251432629
33.278909074515326
-5.891030834968134
-26.5381047051806
-107.88663166890512
-108.88624791677773
-19.44224381672352
-167.45068071662638
-152.97884355939982
-38.33897437118476
-17.537578036532352
-78.13547469139974
-96.2367014729264
-83.12877418848065
17.38188855069494
12.881206417291665
-30.84001388789825
30.56735955665109
-42.23024705614071
21.51650904522019
-156.84959462192856
19.96535460848584
5.481042114921507
-18.979202118936087
-57.09330418896421
15.656282795139177
-25.990102181490087
-95.23741089262376
-3.332177230879182
-49.97404749381573
210.44408790434173
-21.374473104854616
-14.07352603430796
-27.696427991606583
45.72957703070935
7.94000245604056
-25.395752290967025
32.91748294752651
-46.539817125101294
178.82172573167767
239.40917082163892
-195.08320221549695
179.59151225183393
-44.00162368468523
-56.18629101541012
4.265133426771783
7.535387857906173
3.8672094074111953
-159.39471114252527
-62.68683509423761
-29.211482963502462
-27.308809056396967
-12.668010025912409
-2.6284674789990135
208.2038261671699
31.92063116693504
203.89060229681235
-151.93082336630533
-6.244224525149306
44.962135073503674
-134.68178756087804
-62.38733944296944
226.9843351223804
-4.959535729854167
175.28654577278297
64.20198758455521
-22.360282681995898
5.209798471528302
-14.7818345986706
-75.73869698255126
-155.40331847946945
20.893632108326102
-133.0868973025022
169.95317513123365
-57.74138618587541
-2.9679262171358687
12.672521527180635
-9.063356439686032
22.6115787032859
-66.47102167295498
-46.87986280647206
-2.22792781811458
147.55095493392946
17.01677455178725
117.833744503834
-51.796459851113035
-61.05711053042663
23.007808802694754
0.81358569878212
-63.210603988404
-89.15461376967599
-53.93325989905897
-79.57677804739946
-30.356309283630196
-25.15450739423609
-57.51540946972658
-38.27564001802592
17.375917571288312
1.8387137637059539
-34.00119685239423
-129.84225303854836
-38.858267422058205
-123.84132888971078
-13.16618283844818
151.0001051377175
-231.2958742318989
-65.55070755657907
-95.65141380301168
32.89908047763598
-36.60415268654906
-19.81674818759548
-157.11291569715326
-124.53778570196197
-79.46314873692026
-296.7142268485719
-118.80966679707569
-152.28623861761258
-70.80506301442904
-64.22781315354898
-25.41883755335688
-226.64764075556567
-106.67917168939681
-356.72844865579054
-125.01343940820689
-114.46522935869116
-307.31554275817547
-99.15540119412908
-132.51460140298377
-126.22235466960873
-180.64115493982706
-219.82105868303918
-72.72316097876153
-176.82114877699198
-77.26087445563444
-83.64356453743405
-108.09099879734175
-80.85727294846613
-106.9372628944649
-158.78121548059752
-83.87435569819374
-74.39924055947807
-97.58148095065974
-54.40576312637796
-133.06194344935233
-53.31430796373893
-100.52213050183983
-107.29544338128069
-296.1864950339301
-23.387137121809303
-109.7216548745324
-81.59062095400961
-15.296228460895662
-58.03614335307998
-147.18869710325401
-141.3095186845745
-62.83048328581966
-244.59235516417516
-113.34272014123563
-103.2882476593876
-285.11482837173526
-119.6644832693246
-120.95568940012154
-18.214695991845147
-190.83841664984362
-109.8213893544517
-97.26509975558555
-119.52361391915919
-16.490705719372627
-136.48647974272285
-152.51469994855168
-98.61245297992818
-116.05261004756674
-100.76845500915853
-147.38762473451374
-174.19026822782195
-154.94246539907599
-95.5183612432325
-173.33822979448632
-150.68184297400157
-121.44441437094187
-101.9564033299091
-171.99010951108733
-151.76258307714642
-168.34615099883192
-112.88695819004845
-66.11817923593897
-58.720109649166886
-194.99002687379974
-178.67683334230713
-113.67644657364227
-130.58661272240337
-144.04152731296716
-226.2104654927811
-100.53083226943133
30.495713361129447
-240.6619480081835
-133.03025671315305
-95.92253569632514
-245.09408526915044
-138.99000194085045
-89.86620700734561
-90.29779279295688
-91.82903900576393
-134.68586904231657
-230.776469021794
-152.6565653878615
-149.30850246076005
-87.953227711323
-89.78984205754399
-196.33247537378523
-108.79406569282553
-87.26929640974443
-80.66518498853857
-99.06841172890364
-160.2850202398538
-162.39879421932284
-161.86242998917393
-101.61551052214577
-237.09877032933164
-130.51347121643545
-102.69431417942596
-80.88267548920031
-84.93775840488372
-148.25528484619826
-127.6681318125034
-151.9838658563946
-150.08676562682993
-123.31543074502072
-90.4569615446837
-139.04453269634473
-166.36756757182457
-93.10597455106357
-79.11861517430579
-151.83530331161728
-89.37123722400966
-191.0470977881082
-183.20814754608168
-162.95990287025046
-82.57157058539221
-93.11904479847237
-88.80801120529671
-130.47151724765968
-84.41307676712448
-85.66181648254145
-157.21047776410472
-77.94612395017522
-125.10231893582898
-158.45418488961334
-120.7043237569929
29.618477472311525
-118.56889169560432
-159.49952487202918
-130.23779184946278
-118.43514977344603
-175.43576052330894
-164.37488250614433
-55.84923760158239
-230.7715764677307
-153.85231663223436
-151.1293310582257
-172.53285031367736
-65.70279204464508
-121.5407557144201
-83.94975733189196
-132.274249670039
-240.0654135921013
-124.8151625251162
-169.4147151487199
-102.78662678778625
42.46638853826627
-164.2732090946344
-142.82673810706427
-125.13135368489291
-157.6494051561133
-45.4059691567366
-48.005791199636136
-127.7316892922777
-79.40309393238302
-84.76972484469093
-55.56117805143403
-72.5971452279299
-56.1439236475552
-137.68450423095004
-92.74143644288282
-98.38461771284027
-83.38123308495837
-75.77763278334857
-174.36705250749685
-177.8521938780126
-106.90503051873769
-144.33829421128195
-104.48531690130628
-150.23683417423553
-115.6440373482268
-123.17892815585016
-39.61809627715751
-75.28822993223775
-114.03211390279172
-74.23918072539604
-123.78428487880379
-45.277827029840466
80.73928546335603
-52.97154612532432
-141.7186169807921
-112.21755828288191
-100.51359245517725
-119.30752366158744
-131.2834638948417
-80.92863811966586
-127.7601257719713
-67.76953595051171
-117.03846263558916
-115.61720815200911
-144.61855413472392
-141.68828538914372
-114.02304267696964
-107.88489715455798
-159.5940232283701
-95.260377929493
-92.46169358223625
-116.56567823439613
-104.63117443555427
-98.6956201998319
-62.03543244848579
-99.84371875889302
-189.88362802514928
-133.13486952399313
-84.91158543550135
-121.84880183989134
-79.41074435795082
-124.2005889172128
-75.78783648321777
-139.9172973302252
-79.63057115681909
-184.66921732071427
-115.13174712431949
-117.72419214308616
-125.82125316930276
-71.1477223400579
-56.5548658263922
-124.64902992237013
3.372019262793657
-77.13395502444774
-108.1353119976481
-55.71493402115486
-95.09037441860319
-122.10113253478866
-96.90873105679847
-113.65830628638372
-134.781273279851
-161.45740439618567
-78.54300704119356
26.905114152361378
112.95625223935863
162.89272859128252
-143.44614628073543
-49.48594387304328
-181.2743407124509
-81.6815599993431
174.15021147732833
-40.73310729902458
-110.00416216091611
162.28214316231345
-118.424912330071
-96.00591194462935
-187.18163692224448
-227.50395095561186
-87.57101072157762
-180.38490430369887
-73.59942896939097
-38.58368559123677
-39.695322352283654
-72.41722749311741
-19.57121929918877
-143.0587084283871
-18.283531706770106
-24.458853837353416
-33.22532652368362
131.12748396610658
-37.233428712831824
-64.77731627474616
-40.18990001360227
-116.17342618078949
-130.21234962536985
-24.377066798201213
-126.04194890625794
-63.80707547456649
-25.13577272969738
-41.136699777928385
-75.18105129638907
-112.04113875039107
-67.98312641385344
-52.99129652818688
39.368919267653155
-159.66074923462753
-255.00762815241316
-91.84366816889477
-98.04165252350691
-67.30528888133904
-12.978963331303603
-209.73168917145796
-46.19705532681513
-151.30494078856586
-68.0497045897488
45.92909642521016
-40.20615683942831
-109.68802450172912
-284.90542571994996
-170.95708906723672
-59.36861905305085
-62.87319692408944
-51.61042474626243
-125.20861238293014
-113.02734350840748
-99.3098876307909
-85.22167182395098
-57.46470047007623
-184.39129419011465
-117.24524994045302
-191.50517798553852
-23.362926387605768
-54.501853537670925
-77.7498480925032
-205.34875868197295
-40.770491296851205
167.209182268365
-90.74214228021977
-43.11924829364356
-68.9368876744032
-196.6864137783079
183.98351877990297
-260.2803015326668
-14.045168779725103
-54.96177988042403
-107.60966776613562
-187.3795323294243
-74.5881236216099
-197.83688895031815
-58.40797393931945
-269.8170996319252
-43.781777476560706
-45.566908053349394
-118.68193791829032
-77.88709318125902
169.2796379005595
-39.34855433350967
-187.13116087112957
-114.31505977761934
-100.36884234656371
-28.997550744505816
-39.05591362497027
-103.18775228289618
-75.52437808230079
-42.2949596791961
-59.620499589571764
-35.051821369815926
-126.60244081174159
-95.10122988253589
-60.76915308192631
196.5948453859075
-84.02091981852524
-64.083867120464
-232.8914843153351
-185.8629412381107
-78.27650390252506
-133.27704773750557
-137.42747484989675
-215.65595145637832
-188.80827983753696
-139.6883753133483
-129.80430167008026
-228.1891262307316
-294.00786576427583
-575.6015174286481
-563.1992700447031
-192.62595711093363
-198.11838837596116
-216.03113674466925
-237.63939527090156
-195.55820990442297
-287.2718418737836
-153.63632355784554
-181.182047019795
-361.6596185633532
-414.6392776620394
-172.59684884543606
-616.7932542923648
-382.37263047492223
-213.62633602636822
-169.7640192056578
-292.2436538749322
-318.6245678882551
-81.18718200017199
-276.9686172968718
-41.794708262232
-368.0778627064792
-325.15460063583475
-552.9237423661497
-378.5451104779992
-306.61845388862264
-165.05394333376034
-336.7759300620644
-184.71993234374128
-435.57787490191674
-299.5201877785333
-388.1800033043137
-197.61958827182002
-246.6826197442836
-213.3636149959958
-31.992038748352144
-75.59716769838835
-464.47687908976
-274.2378292870295
-113.32503706206371
-85.64089665493088
-218.18101252306394
-271.14253269934875
-360.5837981071498
-205.0917562097462
-342.81044295930883
-310.5597455591084
-208.35315071601363
-60.74274579467182
-380.9588485031262
-132.68990500132224
-314.5375692769027
-301.80043274124466
-168.9572742902758
-59.22142915146553
-136.2119435395343
-429.1963717217843
-260.2021767057522
-467.5964034225922
-93.29908937508156
-400.45845603301177
117.36515064505724
-124.91426599705505
-72.33747155614626
-253.66455842319598
-76.11771704306636
-117.39076739779941
-312.26275936756
-8.998534512365353
-113.33338700264315
-564.8052463954683
-614.5572408162325
-179.0361871954821
-244.020294449583
-161.7952958818077
-542.6770427913909
28.528461972960372
-572.0014635289785
-143.35433282694092
-127.09656664127856
-576.7613607366003
-117.94152458998755
-42.5896550417247
-66.91925655013728
-155.0795135235689
-130.66231899700313
-336.08161976186705
-166.5232109773866
-137.84754066524206
-589.9350088440012
-126.88887642843991
-138.48089983663323
-430.7041885725339
-428.799995917548
-311.1357021039486
-395.5367569075297
-189.2984810032055
-567.8640704580389
-646.9891397206908
-182.65533778060393
-598.1109928994009
-641.7204105654115
-188.5257619720316
-637.0693209129153
-518.8050789101287
-188.0313148518179
-219.97553213474353
-157.97760916208614
-294.2516825972684
-117.64757555374594
-270.40130040265126
-246.70142006097313
-276.68564175373774
-255.33059210532411
-250.3218899526071
-168.45749647503254
-302.8040018769388
-315.52396030182996
-278.81240285999667
-123.87645621178878
-104.1449664187356
-294.91623173296875
-76.76186992032454
-119.65406394974184
-261.8933753481133
-110.50975149531199
-198.30240996884814
-297.424779544685
-308.9037725475123
-87.72213258859617
-109.15660822839001
-179.13837854027992
-509.6699320163129
-202.7207621776755
-60.43379877524878
-511.35963558830974
-147.5094064935023
-229.692350018395
-143.698303807028
-95.71450188428338
-40.83006485606819
-124.47045335464743
-229.14246535977352
-211.32836612028723
-152.72999675866208
-154.83502187131134
-142.240334931037
-110.17648773465586
-386.8313292503011
-109.7959159900376
-173.36693963884696
-153.41475917493037
-430.9031068168091
-142.86709578226316
-220.75765945989227
-26.627047621464015
-128.959042170825
-92.57481859849243
-157.20642658550213
-271.3715230623532
-190.93193537282755
-179.90969703782778
-238.93893945249908
-111.27168292900964
-257.35600510573795
-50.8012404958899
-235.9009759338399
-53.818764685248794
-104.48632829228629
-19.425493464796574
-194.91395329416923
-122.40340277195268
-92.69065039523935
-158.9760623912984
-132.9012502364509
-93.79320670909425
-120.49284934711338
-160.63673095891684
-98.7595628817189
-220.6325916963783
-102.94867267528909
-97.5164403529348
-97.83231217220111
-90.18576905380837
-74.40489786354898
-178.69512235597296
-125.4537844629238
-111.34709671220469
-209.87938191992652
-79.60085182945221
-95.48531406460972
-124.38843957027524
-332.8663601031693
-169.49878363545548
-129.54193865185871
-106.92889579435251
-148.50643543843415
-159.61297547744567
-74.4532423418855
-206.45500800251415
-130.24217006839183
-162.80526073734976
-107.45774945918814
-124.01600996476671
-137.11728228183915
-81.59240061687544
-135.54909432264662
-108.72831875296295
-150.42503804996625
-111.2225098082169
-145.22940907441017
-119.4856452298346
-136.136508987758
-96.15195717372956
-80.44186263739603
-129.66066101395788
-142.02573778623702
-148.71956415688788
-215.0242807933608
-192.5511877469002
-71.9745367760736
-95.8394647554633
-103.76925414348389
-104.67994507151258
-60.29074826267501
-128.2375503640283
-148.13799407675097
-104.78614530989375
-80.08206655253467
-90.28558237006749
-144.25879205509875
-139.67238409465926
-140.35569526931909
-117.42304911444877
-113.95894273978341
-143.76134810527978
-142.1497238827816
-91.97291502958761
-321.21734731838563
-105.38868654477685
-105.06092596589234
-145.2965848999395
-130.73539437545827
-111.03572850088878
-164.8147034401917
-145.80956922952038
-108.60327979689701
-231.83700341842433
-273.43990385629115
-149.64660495677055
-82.5586657458512
-79.47391624163366
-121.47578286185497
-199.22621725176424
-81.21503786243645
-102.6961245905062
-128.51773494184755
-52.82444369431879
-141.24652084042452
-261.15705420381084
-74.4877456494452
-337.9426793966012
-149.7607550662334
-125.33685991710554
-139.67969609230187
-84.8895791406456
-131.05394450117615
-226.0976658293573
-111.1667079055631
-162.82124735105006
-109.58957021566135
-102.70087022701763
-123.0625636104792
-153.29920103512694
24.729806205781756
-92.60969796499398
-137.23606181484044
-115.9828603545233
-115.61009175306694
-66.68124673518749
-95.03495804517812
-95.6789350775598
-117.74706785716745
-74.05623500670606
-122.8022289322167
-169.99388562327158
-191.21989062230145
-276.01657091209904
-110.77017525359132
-128.88704079256613
-180.89003769896027
-112.9219720535709
-134.95687201199644
-114.76982039693688
-100.19939891178198
-108.0737582351168
-263.46858639111576
-84.37530535614125
-136.85488955120132
-123.25542816189254
-161.12835265133276
-63.56699028924329
-110.49243925933337
-236.3421866812516
-121.96456488373846
-84.08517680456134
-139.21339560485956
-181.8619559844139
-151.12978517967557
-88.44234761806054
-182.81416477340483
-105.37889856357542
-120.82156879849943
-240.07448155003584
-89.51452208732951
-167.05961745202927
-203.62268064625718
-146.9046549662189
-98.4163602158687
-90.46068251051074
-137.44589521819051
-117.69837923567593
-80.67795261858873
-87.33510889966347
-211.573672191656
40.95951934684052
-79.19992657766778
-169.22310812942385
-118.31528062490145
-113.37302437957472
-94.08448941361141
-84.5926853016157
-97.71869414836729
-146.33467228683878
-131.53706235131455
-125.79160930117557
-78.5730370433838
-103.04016982122643
-123.70177797418773
-131.79399851691016
-187.63254617047448
-117.16950262825188
-133.46280437211428
-133.46422900441024
-135.4206674735822
-194.06644465284103
-127.36586858193698
-125.78863037061598
-131.77950870414227
-88.44383704690304
-171.6697162142491
-111.16167323280112
-133.3266975344527
-168.8607772643123
-103.2752386861851
-153.92385112496703
-118.0477259815454
-189.18014124891437
-160.33330327121524
-158.61834123176118
-133.0804838862374
-82.94943941741388
-161.12223098066693
-103.74414553745778
-113.32107566383925
-65.48930271600055
-169.3874473428533
-152.03093131307162
-141.25274587259378
-130.56640993240046
-138.44742432394779
-168.38508361346953
-114.83798129748928
-155.10204118051223
-99.15803346613329
-205.5845775430746
-86.30315584544348
-187.65121183354387
-85.71721133692634
-154.59591813571984
-107.80101986995845
-123.05645608451603
-81.69739773506885
-76.03179169686996
-157.363529094025
-73.73008529293773
-121.59530526461019
-199.87921767552638
-109.72756708781668
-161.71253697376048
-186.83354808979215
-135.02080311479654
-149.525977802062
-194.75282455223572
-5.447373545362751
40.126960480543886
-162.1214397716627
-111.81980355316611
-91.60215178009415
-231.32591425264616
26.71044646893357
-310.0377257287046
-184.1344957780267
-124.47784955921016
-166.36953863213404
-107.89162433095333
-107.47188991465184
-249.41255229298872
-93.12429191924369
-110.26466673418703
-131.89390009361787
-248.9250084402488
-143.31619184699056
-161.75097740388958
-179.00095264636045
-123.83615240475764
-120.87344537672796
-228.13567369636667
-143.8201419314106
-102.82300280014093
-94.01341583113168
-81.68971353091231
-247.4264945032415
-122.09298959918709
-142.19807868024162
-186.17957915636256
-150.79832580584628
-124.12215117621328
-138.34139236215248
-169.96696273022283
-154.51241591349572
-137.09481059855102
-166.92227645386777
-166.63603817641723
-120.07358105525375
-159.03859052619947
-179.57693127317316
-92.62471595062496
-150.5927234516716
-133.87155593908676
-114.32344497237592
-105.97360697805085
-163.14626780290584
-198.83148670546058
-213.16992193059923
-132.278193182821
-113.39523213814365
-51.36779487561387
-143.9038978138864
-198.62027325608375
-156.4419039309258
-162.77067271707926
-101.19406468079886
-91.95355192917486
-151.7327545335533
-275.03801938985714
-196.42003492096512
-177.6285416423013
-138.1130035549487
-194.07437044559828
-95.33097761915741
22.711183041061474
-172.13740671953215
-69.56343002847504
-169.90829358845198
-296.08251369189924
-159.59809625796998
-123.28004902339941
