-1016.4054370094235
-720.8496326956866
-566.615892176683
-447.59863582549286
-700.1693171117943
-563.3131591091571
-466.9354022393204
-727.1271376388789
-872.7174078824909
-961.0433304756747
-469.7212206391571
-821.5822709947398
-923.4633187880082
-931.8868611310917
-524.526218743199
-2258.812447070911
-645.8670856658555
-707.2094510883587
-683.2682451190894
-667.9752024627002
-1384.6267186956488
-602.7843536673759
-778.5959844669648
-1210.4831752475964
-729.6042412245433
-554.7022889026255
-698.6582766349725
-1833.497666280581
-950.9990572752292
-1001.6789421524492
-407.01441248116
-630.4512254533636
-779.3033231232577
-1006.7763658178108
-897.3381261299759
-850.6294151701728
-530.7407555344521
-593.654916916893
-566.067450028479
-2951.4175010816025
-510.71494168258107
-786.3436876398981
-703.0532645323183
-811.0067364679232
-381.39604236768156
-671.5666284608889
-721.411701497554
-2668.641224687933
-583.9660702416852
-1188.3221646327197
-631.3213333878634
-415.83644171799807
-560.2008094907752
-557.3268260017462
-2978.749763516412
-753.6008271401512
-801.4142503883193
-628.8002787787386
-1028.538346604441
-442.67376796614144
-649.732130383465
-872.3545907098661
-641.6223824266066
-619.9358537234206
-1023.3205640080793
-3318.2570134036337
-552.2059633011665
-560.0016580508059
-2384.434931688723
-745.2390096637753
-659.1144333514692
-663.2722922814379
-519.1905385475034
-609.1007889874384
-606.7295432530302
-925.6300362889866
-1122.3062423707524
-458.76900283737575
-694.9415283841932
-591.2931611189529
-817.9463834366506
-518.500143022749
-1462.2649685174954
-690.8680633772784
-694.8294108499493
-1851.306011112033
-774.6747067023134
-496.7229490860701
-2435.8646919790085
-579.6789625259298
-776.7410423773388
-557.376390461473
-1075.0853867930189
-833.2776717650247
-2696.85220624425
-763.7330267880319
-628.0091164641243
-2166.7160834944766
-599.156850161464
-656.0543790057401
-524.3645880135507
-614.4487721185133
-1324.3247142574864
-917.7794676834329
-432.65314644536545
-523.5933438677091
-593.4612015337184
-607.8678710131566
-680.1714118428791
-624.8430341460502
-555.5054106018379
-1031.3815072729633
-929.6851959269276
-1211.7783867889143
-586.5850631165451
-1054.1959021357538
-558.8773790583145
-1667.7056705668151
-423.193959819274
-500.55326569751475
-617.8979763752722
-979.3964783551785
-542.4668487984322
-631.5615253695767
-464.1386532260166
-526.6041332780983
-665.2129514266394
-641.121693877964
-843.5459459327402
-2304.449743160318
-492.89916106382714
-1810.4020592969607
-457.43390426011405
-411.2069269943163
-945.5594236028879
-529.9841673232711
-888.7151709892992
-759.4275283018486
-2926.457789974172
-652.4830425167793
-514.3440534398422
-543.542105589232
-536.0080232463538
-662.5059442459481
-1397.6290334358398
-1185.7873902176723
-616.8124729983746
-1385.9936621186469
-515.2691471137224
-604.5225003120826
-1806.6904341169381
-716.9960958958249
-624.0518883709594
-575.412403681847
-748.302186074034
-652.8702123587584
-698.0366369331217
-638.1275137507913
-473.57532657127325
-1590.8361305287697
-814.7909735860525
-1769.599556193136
-2173.3536879678063
-593.1785036188938
-1078.8897364968152
-527.4772516896251
-573.7411876351944
-669.0170793821414
-1076.0333461858095
-821.3407851330571
-500.9499434803864
-661.7548161615953
-1127.6929394982287
-956.1222870965241
-2199.982610463548
-792.9365871395307
-644.7364827336407
-1202.2498791132402
-490.3673670634477
-524.3341692210427
-675.4693410374979
-813.4732740614178
-620.393970356705
-593.8335209211698
-751.6913986698738
-739.0901853238437
-521.0619480996596
-804.7959909877221
-2238.034112376263
-1003.0470952548501
-755.9894534114629
-522.777100187006
-1521.402203515125
-505.2381644161913
-503.8785963464492
-578.6551183571471
-847.4255948031813
-797.7394231093087
-388.37477739483177
-521.9224354914055
-467.9801773762957
-453.0275723331749
-733.9891071313007
-808.947637237036
-558.1035343140763
-343.553999621062
-529.2291655312154
-1787.4239538876682
-857.7337807230224
-414.5297928727332
-862.7475327230196
-523.0344570736925
-804.0250610392516
-671.6520679485309
-1284.302359916977
-540.0224339266682
-401.1985061985392
-810.2154166955133
-854.1678393485919
-684.4149958609489
-2977.1680520246846
-2454.5304421614474
-528.0300289996846
-595.0098874824785
-588.073685942112
-645.0138288640844
-586.3906686047902
-639.5651209515345
-652.0014790360052
-1160.3575111656903
-520.3456954859646
-1734.792774112338
-612.189806043985
-1183.2230618974086
-498.3836201972503
-685.2989253662058
-807.6871719147734
-554.2837072051816
-603.7186801019129
-542.3216351225713
-566.1799571855202
-442.0762689219514
-2337.5514414768454
-612.4128861928511
-458.88870416409287
-451.96229268979494
-1097.3681451108728
-1420.0992637346747
-1433.1916451392262
-671.3220592892982
-621.0247472608576
-481.75015986205364
-634.0929478111193
-550.5579638180013
-630.2414394188967
-2337.9778891151773
-544.0021246400224
-698.6124134363232
-789.644690133982
-1167.7275213601556
-769.6132202688373
-897.526801208603
-862.1883466155923
-1905.3770945861415
-491.9651760148642
-478.8772278470876
-1466.6307118747009
-654.1153687049593
-512.3365305709488
-1461.4546276174235
-944.3083312053423
-561.7861591017054
-815.9298689774226
-2426.3153621470783
-569.075529302761
-604.3631067783278
-756.5856203957941
-635.8060658996262
-757.5866901709612
-511.6819522285711
-898.3066597026005
-1554.534399342867
-977.9759671544397
-830.3736483612944
-698.7891729249184
-821.6235342517657
-690.4176954410325
-878.7337420516832
-914.4641230289991
-627.9467375845719
-1188.6208820986778
-633.9035443451608
-657.4390937353155
-558.7490127441154
-2384.8544081148466
-573.9957096595505
-526.2118170334495
-735.7588241441828
-763.68728201717
-498.10964795421484
-663.3803999860493
-1560.1355413288873
-670.9866337020195
-692.1506019745933
-1033.0945371286775
-675.0600857801825
-1001.672242559424
-495.40635139557793
-903.2708474627916
-713.5536742092279
-968.1149155364195
-571.3547569747271
-529.947541744295
-638.7235803293753
-4103.8097960871055
-710.4661855344618
-761.9509971456777
-793.0202271277248
-1326.8856420770314
-861.065979553367
-2416.693001441458
-1176.573795281708
-559.205319209952
-603.254780314039
-1291.984913700888
-467.3312224146555
-956.3417889001933
-561.4307537722163
-458.50764423719806
-1357.3383863929334
-793.229657969954
-636.268995387089
-692.0927202793897
-519.396530281173
-716.8796126744273
-424.3905475311704
-524.0772505446266
-1895.006114123151
-532.750504005013
-545.5691686697588
-756.6559381020928
-630.5994796910476
-795.8661430268434
-1051.4703521913007
-469.60081422963196
-825.3131547875603
-559.4322833469732
-673.9872468496537
-544.9212847440273
-522.508930344267
-459.44056098516444
-579.105885498432
-522.3256200474293
-608.9582341477608
-514.0742479257897
-1838.8591525136324
-625.7803374262254
-538.5023193700429
-1679.81830924767
-847.8335651090829
-1883.1766694366784
-565.4065596505973
-431.7891163174484
-532.3857748182186
-1127.2674319340283
-2207.769573296637
-499.3920213161201
-506.4636519985158
-557.76991263689
-472.15694196860875
-607.3560634188541
-760.4621458363628
-1222.666433012
-594.3873185874768
-648.8693190895154
-445.2761715669015
-742.1693928935031
-333.3051507294025
-757.7928503397242
-736.1261662408408
-1097.350766707621
-610.0202224807452
-2339.4487601720016
-588.3616471736259
-488.8641476342521
-650.6812917362565
-430.4954318817743
-361.81063232112564
-717.4072285567173
-654.0171346605943
-469.68228711177517
-552.3299410900482
-667.4624670551473
-620.1924643186054
-1411.9287494904625
-594.567874054072
-1112.8221922997604
-374.57216039069203
-598.5593668843243
-555.9777488611217
-428.419262484133
-1327.5058196141426
-471.48771705305757
-1020.8292456576951
-1057.5811990051302
-816.6536220879443
-548.2018301438684
-615.0819094573346
-637.7799791304784
-436.8268174374216
-553.2553527577315
-944.7802933228929
-571.3417399500387
-824.6677251761053
-484.9254530922525
-679.6647166233365
-670.7646218313547
-1938.8210854662912
-908.9487389003532
-710.1692705584373
-533.5885735503731
-612.5807193980338
-1644.0513711525375
-690.0711480429937
-5028.620808873307
-793.7462673331739
-805.2783479336836
-779.1092902846469
-514.0359350051253
-670.9440667926315
-893.3039770802138
-815.798542321948
-1011.9681541700114
-635.4388444168462
-669.2221004723159
-787.1179378100474
-2628.4776505641835
-2131.937316795247
-691.2720180989187
-555.7385401826119
-658.2243152548381
-561.6392388036661
-424.7570233124911
-2189.722498563809
-562.114979642859
-1958.784723697948
-782.2017367840128
-596.7309501376596
-586.0592833580803
-549.4356794938831
-877.4912236771274
-565.9894771083481
-591.2175510466373
-589.1063462823217
-600.666457169485
-706.5546206558843
-1235.1197356336086
-2777.1080821684372
-661.3752294784014
-521.6099754312447
-1350.3781789572345
-1067.1532548070613
-617.1487522345549
-1163.8056068817575
-539.3352779721404
-523.3828860586871
-628.3963972927177
-903.7309474383046
-467.39629061690914
-567.04915063811
-465.4549446476023
-434.6814655143757
-450.1886137961399
-546.0146629521793
-572.541882065065
-1631.1672076089626
-564.5128781719931
-1495.033144392673
-641.6042554420069
-759.2722893020402
-1414.0129660307628
-566.483689130238
-1328.4574008182776
-537.199398082773
-471.0116920509166
-596.2432024370435
-819.2341996863979
-1284.5090288619854
-520.433651239955
-472.55460694154107
-579.8368246004723
-930.2011044512523
-646.7236279688033
-521.625839559515
-642.361821324704
-1050.6006654387745
-920.3609271203691
-637.3837288324436
-1411.1393115611952
-489.8513163717122
-1017.1249768423114
-621.5188026774064
-566.8078180042836
-1082.4523342428429
-531.4522985044457
-520.3298186896302
-511.03028704896417
-1427.6034424439013
-1201.7117190838699
-498.48383161112235
-672.0314878625899
-760.6328302470345
-566.5707531854362
-1092.1511641384807
-922.7418047029114
-1704.3517356768857
-1305.8391733454355
-465.493197687245
-1291.6374159432473
-904.7767540931366
-568.6676258034445
-551.2129794494311
-495.179019938347
-705.7028352996907
-768.3114407390589
-859.4327038158942
-401.68049799946414
-1390.8821385168428
-512.9726379438234
-2517.2595450353174
-1127.8658651135274
-658.3989618290941
-643.9303095322774
-567.2296117620818
-643.5477815925316
-741.3729706652961
-474.06923780451973
-572.0983153509163
-509.4683979161603
-928.126884960915
-531.6659331296498
-414.7160979235092
-510.3669621176577
-510.20002372915786
-663.0551337903677
-720.2984170017422
-659.5755425123502
-529.7013728726461
-2371.5588536531345
-426.2534393202135
-762.0761189444441
-638.6254790439529
-518.120865035994
-458.5267797451852
-662.6617846275151
-1346.5166238666684
-1121.4751878374773
-1141.2492417871806
-483.22158442518264
-1062.79874879017
-661.9924228112052
-644.533243276065
-2623.1167056424483
-620.3762731475839
-573.6247221399931
-593.748328209663
-1336.3320840128763
-367.1619268313593
-677.5507879780537
-476.28346693177826
-3042.3005667448133
-583.5682199250984
-405.1091583673355
-1021.7647280267746
-1180.8920849012159
-393.22724423021
-600.5092586168988
-832.4796452263696
-991.3236810614718
-1957.3018646700439
-460.6446905895584
-541.2548873096806
-797.0130162384561
-787.93655499589
-555.758605894973
-580.4697481970227
-539.2730487330682
-653.4808685526965
-399.50222197062106
-1378.2434077718553
-638.8140255821454
-636.0695973102016
-411.1418004835105
-832.1031843842036
-858.3903123458404
-5008.649295278391
-1007.9260752639339
-845.1317482417035
-700.786653841775
-705.7961158179822
-639.6240399976583
-590.7210523759167
-447.93376690360344
-1281.0814442509618
-509.6512563434536
-410.8988257885473
-634.605974613398
-497.6846128428003
-1542.428338504381
-768.3189980427633
-597.681651369207
-507.7507160238566
-624.6827756240749
-598.1136068174826
-679.6168432881585
-1327.279396665936
-642.1211138627424
-909.1499893750155
-1889.644025122965
-611.8480928495586
-882.0657851946071
-529.6713532790793
-462.5033685344864
-675.5918414548854
-770.9762977461218
-590.8305868939015
-718.096149352435
-473.44419342840735
-8453.946657283263
-571.9443493496087
-509.0482176451868
-1657.9056605070837
-853.5303187483863
-674.9331563055201
-673.5911697305708
-630.271239135282
-848.997536647022
-529.7788597896671
-1070.4607084344098
-394.6625074186824
-783.0929358298057
-580.4067159147987
-993.9848418836367
-1392.8708824003688
-595.7989133382575
-491.34711235159716
-506.4272758694564
-798.1897126718573
-1085.6606435378892
-645.627645408833
-661.5719133735224
-562.3950967795274
-828.6174576372631
-511.82387861614075
-428.3907618888796
-1024.3680151622602
-613.2737730131872
-573.4528843418173
-431.37453485092607
-658.0464891623083
-681.5755797028387
-520.882304290652
-624.9858702079036
-389.31368001443735
-549.4738864363861
-937.9203766984792
-583.1359694808591
-690.6831556596181
-1116.4278449261901
-922.5919540455604
-635.3556999577816
-673.5175997777262
-575.0084350526809
-1224.9501507039365
-531.5441704319294
-659.5291522210159
-1449.5232859639775
-468.0982768456365
-375.1613766506155
-554.0220499617478
-1295.755361661398
-545.5212111378992
-3018.6613921016424
-564.5588770367654
-554.8679215125035
-1514.4536552646582
-664.7774889578012
-981.8108083750016
-547.5910463363584
-446.53290861526636
-1175.3873513875067
-518.5537473631243
-400.6903700559721
-2007.6693352183831
-700.3026337673608
-474.019614905542
-628.4084556769037
-494.6275477725414
-750.4273361089936
-429.87244411643695
-1080.6178591296448
-1147.9913208342007
-487.1463227164559
-688.7527185430541
-1395.1221454882389
-502.7188703519721
-1123.8074454551138
-402.5203574926016
-374.7787837867876
-834.2903672651969
-835.1631992887778
-1241.8893537591807
-1208.2945558024
-497.674430982635
-662.0689154515842
-738.7202397690394
-2705.5728326656013
-1106.9453640287395
-738.716160860182
-597.7941850214434
-604.8599643476266
-541.1600402301298
-1164.0274191670546
-495.54052710637075
-835.2367598211805
-491.3586229623104
-804.1691525888318
-565.6399306367482
-1346.4903909877041
-889.0039811415907
-575.6590121407926
-823.7715158754687
-813.3118226625189
-642.9573389786535
-574.8467953648696
-635.5008099131376
-897.5894634043638
-726.8703848193945
-396.14532262643485
-478.88499860201944
-1035.0456247368725
-784.8527390207004
-1283.3586446550858
-683.9365407605629
-792.7766702347286
-481.7537144226022
-717.3569324732345
-950.2905042619396
-482.00893825852995
-555.2442666904848
-616.228196713222
-851.2191129247902
-569.9472271493366
-2051.087954387477
-447.928367849218
-406.32375585747536
-614.1532417142314
-591.9732485689391
-607.696920077064
-670.1633511462642
-935.0683896703003
-620.4517647776396
-1321.1807276869754
-563.236164521994
-736.6444899290326
-533.7561755072584
-492.8199812801663
-2089.3206958346314
-482.6615541582791
-452.60342723050906
-795.1433687632638
-420.0003984430992
-687.5561698812278
-645.1852367160874
-571.5195446103235
-473.97563073446605
-437.4536176500222
-1341.5930367321591
-551.1267068570733
-586.6971892482345
-705.4254185299517
-662.3640503248383
-720.8317993643246
-386.68501711918896
-538.7624464520546
-646.0831148762351
-613.5736394609642
-483.95500259519224
-528.9776043736681
-549.4316959369054
-876.2352375623482
-682.4686226977249
-585.3167256145784
-945.8021928332132
-664.8200344700533
-915.3666312083764
-385.62649913523677
-482.1820675794679
-521.8878960175534
-539.2112809101959
-523.8337757621714
-573.0427873021979
-603.3172686912533
-973.3008308849293
-448.62817622449313
-2038.2211309475208
-509.54504539912017
-775.9003903413957
-515.9613705168317
-1708.7107146670471
-441.4622605794508
-534.6738731156295
-575.881960686389
-1248.0611253955135
-508.20485119758433
-520.9486447474069
-674.3360432127383
-3309.127405239778
-561.8705572848071
-633.9600051036342
-524.8234734351265
-584.708381097558
-564.2062585652371
-602.416995123047
-615.5013894784224
-504.70537863867577
-1001.7314030497472
-1758.5581318838179
-611.4849228071
-937.1434381480155
-508.77790115304754
-851.0685975908744
-712.3389351746259
-624.6075450178902
-554.5315309312768
-1417.888475063313
-578.8907609522
-537.0937136138748
-734.1407292641616
-3697.8240528600595
-531.0476532444877
-334.329380831131
-447.8273952290681
-784.4353711452683
-664.5125813280504
-359.6536329014497
-506.9238250303808
-604.6405741429701
-574.9735742317107
-428.78705087338403
-1410.5169437004472
-519.4012158525479
-905.5888368206836
-739.1048589121307
-694.2860558378281
-955.8251531572155
-1276.5748346348596
-949.2411948839325
-919.5980232923284
-829.9166935216516
-659.5417399500061
-593.6009849780138
-817.0272187096464
-680.7616454461304
-1029.0684183162075
-1937.5559720638926
-551.780918337823
-1033.0138535938777
-923.0775921623389
-1370.198656997544
-767.3830877083047
-477.32737674863336
-965.4937429407638
-642.1293128632614
-530.6678040134557
-568.7242993196828
-503.3946667307585
-1136.2292404455482
-1117.0876777280737
-349.16622048792806
-868.6512905627957
-924.2416385387968
-1155.4164579296303
-468.43729321916476
-857.4061579539213
-905.9407692082609
-1830.1975110727117
-561.3725858258944
-589.3656231251034
-2770.298957752216
-417.83450188049795
-446.0388687651009
-374.728389718174
-530.4450304369714
-467.61595822577937
-601.2087487972472
-1028.1540725954198
-782.4284584002094
-816.4071754776965
-1274.916366678931
-458.5430009303194
-884.9515113669
-650.7330088621678
-469.76071338393587
-904.1641821883757
-1228.4833251354419
-754.7972405838678
-1158.694437996465
-660.6357747934633
-677.1099121389761
-566.2753142034867
-949.9748464327777
-1551.9549669464873
-620.7591060512783
-471.6679306246421
-655.1792543805282
-684.0432304145734
-667.9631313499109
-626.8387243916012
-589.665817803346
-488.7937154101056
-1240.3248900581223
-702.0538940133899
-1068.4460253432126
-512.2835888792297
-599.6849692539595
-417.528187468875
-466.05118999000734
-1065.5282701200408
-620.091453558025
-649.5229678673269
-640.4886596490833
-445.6240997334644
-637.8838928596966
-667.1809580686689
-596.3129344338549
-575.7666461755502
-1704.5878530037328
-576.7338166669408
-550.3720321573657
-528.5659750968721
-582.007604241106
-425.7973691835702
-714.6498380431246
-1704.3055061711414
-624.5880286654318
-571.423804662863
-653.2384826810148
-658.0706023882572
-745.5079184579669
-625.9795129812799
-1575.4294854113286
-1377.2597476274102
-489.6809873254861
-527.9715955195654
-1018.2242812116102
-493.8778900378515
-483.54184765773994
-967.5280318720913
-657.7155350162532
-615.4195188450336
-863.2049158545269
-787.9911574778757
-445.18439858755204
-621.9915445094945
-477.3121259821095
-465.5274693304134
-679.4450745013179
-1130.1969132265215
-1107.91877360821
-737.0554354611726
-545.3039027600545
-2070.2399148636905
-5144.516397103072
-685.9664788462121
-856.5049259468504
-1100.2205295617825
-675.0866096612439
-1369.881584676998
-497.5940431827415
-528.5565747902497
-786.7855013328244
-1231.531373476455
-756.9993525873458
-683.1105933602034
-762.4455075803726
-755.4724418126386
-563.2676769141399
-658.8024922513669
-3682.913179750296
-464.8164204098497
-4944.821947780741
-1458.9071120445299
-602.0899278831221
-2582.5367651682536
-3182.7820653188965
-733.4502192482632
-861.9474102251779
-534.4147305180193
-2405.4012594067067
