-752.5519289410346
-654.2135788675424
-598.1829679662796
-727.1938376021134
-613.4854147163985
-1036.6489996620348
-581.580660250243
-792.4871062759856
-486.8409424193641
-500
-500
-500.2083451401764
-676.4611200625006
-1275.9786845232195
-621.1170616423253
-879.2552204976577
-542.5650790772379
-500
-911.297669774434
-766.4090282726577
-688.7940850222819
-742.1779119835583
-515.0077940207503
-649.4662940992491
-684.4441806144469
-564.3666021427368
-581.2173044020315
-649.0168310761118
-571.0243066396242
-656.8768070313325
-500
-854.2968949664537
-589.8768767410253
-716.4161878641476
-387.9642359477816
-620.3709239297793
-1088.6284064151066
-781.3672656999207
-718.8339474152008
-1107.6156830648304
-577.9020718140002
-500
-554.3708678225529
-619.2883210689278
-501.10690482218644
-889.2624667338847
-670.8206469555504
-1030.3390063960953
-500
-533.6349633560201
-500
-640.3219806418094
-596.9890552047304
-608.3018733666624
-608.4387320507566
-903.7391274951917
-692.8060663707281
-660.9670142942545
-721.196961324051
-840.6320647644155
-1054.9925171937957
-872.9290610740679
-500
-893.3737014243713
-581.5958624344645
-553.8520133180075
-552.5246809548423
-1072.8390939587566
-471.7977081527233
-666.7228342828043
-765.0207254923721
-571.9670458868932
-1766.9421412490167
-1125.8726968809303
-569.9980608494711
-1018.4237114521607
-715.6249885231742
-500
-466.4371723380744
-1332.205944354344
-846.079335734391
-500
-567.9339886109387
-536.6967452980034
-607.7410731639372
-597.3150779469356
-490.0948366609252
-640.9271974071137
-711.1113307790498
-1534.316749951359
-402.6819331384197
-441.53375342729873
-419.48838759441475
-895.1349998986644
-692.0593033639675
-678.5207679418751
-500
-489.06644429688976
-1487.3536262320386
-512.9972329377239
-924.8490854812931
-731.5578153715145
-646.8549922893912
-578.3151996029414
-492.85763558571784
-837.0385622317026
-988.1557196954927
-541.3760772324961
-1024.9991016758813
-819.3144878443231
-824.5259189956922
-980.4118737261008
-644.1669279250589
-654.1890633942418
-1282.2918148911865
-549.0843862718959
-1572.048022132868
-965.2815265474534
-603.8306260517976
-1465.951167049249
-453.6666641520042
-698.8262375681923
-1488.3687167737476
-601.1154279460861
-932.161740744192
-516.2238138588865
-665.1053918886005
-928.2485206080095
-533.9199939134655
-523.3641798136315
-391.2692293644413
-725.4184692730258
-733.3872390040843
-598.1306325710411
-742.301369291328
-500
-552.339850351341
-776.2411067067867
-1777.4964986750954
-605.119302229476
-1347.6993419659052
-470.13049011821414
-456.35407464584705
-528.7228426739091
-522.7476817992139
-583.3384944845393
-767.7492109644002
-439.410922266544
-515.7319239021303
-553.2093590942142
-1443.5401774008035
-595.8592423476839
-538.2436606630206
-406.2924485598425
-455.1838303214072
-555.4202017770027
-500
-500
-603.6809757349665
-887.3510423950326
-810.5445321045731
-702.162119588395
-725.286050592901
-508.77905610839025
-658.9671362466127
-548.824174861702
-738.6573813487936
-675.8659447057224
-629.5382632980089
-510.8644715885732
-700.4946951516514
-1642.7314238661943
-638.074071468287
-1525.6349373459266
-572.9164642652541
-832.2590823146951
-619.5591882214296
-620.381482621608
-620.4276482431513
-696.8341170852996
-552.4198073553644
-521.3649613629593
-734.5620629290537
-647.5595191246155
-443.4819970368364
-617.7005867747063
-736.2100409650049
-639.0964396600265
-495.58658519649146
-459.34694577442
-870.9482708165459
-609.8606704017486
-869.1280079998035
-786.7245976303325
-690.4944368576498
-449.060140614705
-591.5837565036301
-525.4578233063588
-456.8735296111745
-687.7389177646264
-527.881391676576
-802.8856171567469
-722.8345535801835
-604.5899644431261
-486.9483847495485
-1035.2516364940639
-722.1544232581646
-534.4303711436064
-1527.5386416980562
-1501.0811301293672
-753.6081263100509
-439.82821080839653
-786.2084089430195
-634.5158290301163
-908.3800490204623
-590.1649506781539
-670.8397727470125
-650.185826386887
-491.02154987683156
-479.4880708316855
-539.5539402533041
-515.5236816574825
-602.1297664149188
-711.0513010068738
-791.8238945870945
-835.7308737561507
-861.6538274649479
-869.1841946913648
-500
-492.15767465634326
-866.9314635983291
-394.28740008294284
-1699.070385470011
-658.392111108403
-559.8029603914748
-591.5890137223611
-948.3331527708857
-1488.7011528364424
-526.5537771181046
-500
-1031.594440139114
-565.8643819155604
-647.6771040581173
-652.7610375754307
-541.0172240454624
-719.3475202841607
-1460.5043881533777
-1329.8195912871097
-497.53637391048386
-1050.2183392825682
-650.4133094062689
-816.876856647342
-419.4149417709663
-556.8368482351574
-726.8089778476182
-1087.6267553567525
-500
-770.722577974805
-724.4193894306067
-1301.4845934656157
-716.1443971711883
-500
-571.0932469174137
-635.3164313374212
-765.3384029473024
-520.5847272273868
-529.0762969098399
-1299.3782813264786
-1635.8170403915933
-453.73289970395274
-1059.6246468018069
-1042.2719230210778
-598.9251999217608
-541.6617231756859
-643.3015072068087
-1768.7122498318772
-690.4379533258534
-542.2262312843816
-521.8412482015112
-520.2116613786329
-1090.8370446161778
-769.6732833015636
-1228.1754678842724
-585.2962870820876
-668.4641086232918
-467.4545737486549
-508.61321591501746
-627.7937077667787
-571.7517944237647
-543.7971771846295
-1051.4573121117623
-924.7932246508411
-661.6270099816041
-1248.3875423290901
-646.4750891622448
-771.4863761645265
-793.6479790721935
-581.2723902953983
-461.7643462906071
-500
-782.9393995747296
-478.32015988291886
-748.9319034561352
-527.2400462463141
-1037.5479063537218
-548.1857830913698
-847.5297747639377
-706.765425880825
-1195.6337421399921
-519.4277383113684
-883.194439533097
-560.8547498834615
-555.707619933356
-504.5100246371934
-542.196039836695
-595.6108319106443
-578.06228956125
-384.7115977390793
-553.0827248295413
-540.0740425732856
-631.9804684739378
-780.4314325184041
-644.0106707960136
-519.3595395737725
-620.0339570864628
-606.3926850651346
-899.8818839636884
-820.4876232154871
-411.05287082799657
-527.5687467344542
-1772.4872915333472
-413.7349552146022
-856.8737959869385
-587.3172966078885
-503.6895475527203
-571.6914150729941
-530.2854578573553
-731.8044233218495
-1623.0797333876078
-714.766683636056
-688.6793484669686
-661.0655713109169
-1018.1226510731336
-760.8563525503138
-524.4957117520469
-725.9816562326474
-554.7300338524085
-706.2393443230342
-656.2801811447321
-662.255131572861
-500
-519.2941853491436
-596.9042586110544
-483.38075712655615
-468.43386057046155
-586.6695309286363
-500
-980.4561711577248
-625.0316403405521
-891.521735508829
-1038.8357627740215
-702.7574178708138
-593.0690202302599
-562.589201958879
-1092.3842409596596
-650.5027268580105
-540.1980868739338
-469.54316787913984
-488.24624458392356
-479.469296111613
-570.6251308769376
-509.03319563782856
-585.6533558381327
-598.146551435513
-531.7843163888357
-895.6854931528572
-965.5412516515574
-1336.574835330667
-1232.7216832816857
-425.70492811793105
-679.0907605475537
-773.197529721387
-500
-610.6205567744162
-1531.4110282686381
-470.5480696248531
-618.240538528806
-597.5689502952055
-780.5611820131925
-992.543713015688
-484.6975496502628
-461.5043506599347
-862.8000521455095
-417.6292257821954
-756.1711222985965
-981.0486740319835
-633.9496277742744
-1698.242201863244
-918.9488723565183
-679.2791978107506
-1200.3439749049608
-1338.385919777397
-688.764917806712
-546.3571407616594
-463.1335444158284
-528.3549172470898
-537.7198708986938
-1487.6924479747825
-655.0477617473226
-857.3224247364594
-599.303241908297
-457.24020327558003
-500
-779.9822777043349
-568.6393899830109
-687.5104537733727
-567.2031626411327
-716.6089188874478
-531.3134539226257
-569.6585889983514
-928.9038716039064
-467.81671639415777
-500
-491.36108456260524
-500
-1345.499932292275
-682.4589508337199
-479.6582808087547
-579.4426760593278
-488.3515170311431
-744.3778262619214
-673.0243795043988
-626.7165723185315
-607.5727180368178
-423.9297070432752
-517.0885721784475
-673.7464680790998
-495.2933032152404
-982.2280594135959
-562.2040354330366
-587.1376785032842
-1018.9824716113382
-1167.4302010980723
-555.2902054703967
-570.4389441226122
-1182.8083423424503
-1716.0402578120554
-836.6201742826097
-464.1386979494629
-500
-697.1832673280435
-1006.6175599802997
-1140.9125278490008
-500
-577.6818619997523
-446.55851611774193
-702.7871130093436
-1147.631163196477
-1338.0584221893764
-627.2053746144569
-714.0938354179381
-1027.7204843989211
-495.1518171573452
-1224.8867385606238
-923.4822240599134
-860.7961661721258
-623.8029734573831
-1004.065645564834
-451.126986356871
-501.6728725064519
-561.4758364934044
-557.6935972484885
-586.0176646319435
-475.67053411197764
-500
-745.5607930274591
-1322.2195465876318
-873.8752905253483
-655.6479083844522
-609.9428745451195
-553.0185031820599
-548.1083622616613
-500.72621828457767
-662.4916711624013
-500
-567.5728629631506
-433.8682880953886
-552.6680803921092
-704.299133687463
-1487.3368784735655
-871.0844422185858
-563.5508685529985
-784.1055631263354
-970.4180487665063
-523.431254919997
-641.6884172678167
-627.9321800472308
-563.2868153726599
-391.98147633431876
-697.0949633707323
-440.47392137961026
-583.4849572578554
-520.6534729343365
-679.7459509409792
-749.2946536998037
-550.7693248606884
-629.1608431960362
-1288.1975118818664
-813.2390481092327
-915.2425907176605
-792.38877623115
-590.2719896002798
-409.0902032099166
-588.2404268814057
-466.0942795186543
-507.08696163183123
-595.1056162628786
-1404.4373676034663
-540.4888599641322
-538.9226678585599
-538.5582053124624
-439.6302387584342
-646.1790584557128
-593.2673588061641
-996.1827493541239
-498.1114430961468
-447.4789604464437
-1566.4636315251626
-500
-875.2144744934483
-552.0084311676214
-500
-552.2439612766896
-493.77350411972867
-894.9672313895575
-500
-580.9288020598485
-601.0122022890064
-615.6996848314699
-835.701259853894
-606.7999273022446
-500
-424.30361410406476
-521.0562710665035
-778.2042843423923
-587.2217934882055
-551.9031573153454
-575.3422510298517
-500
-589.3078235172895
-567.7231831557449
-529.3044602485047
-625.3079110116
-1476.1646599910985
-460.7390672759104
-792.9494203487185
-640.5480562856553
-1360.209181150773
-1254.7321892492378
-536.8248782398216
-917.8901338783619
-1682.311166167594
-469.21707566189025
-500
-643.7538523163361
-548.5209460119949
-513.5311995880628
-500
-532.8441472540538
-624.9395945743895
-1026.5237837947006
-1353.3737147893073
-607.2612096436001
-743.0520206615339
-931.9640682201122
-599.9599942191841
-773.5229296196405
-597.0613590508667
-594.4885343887732
-657.2133408926497
-500
-504.33458723669384
-1341.2603161667187
-595.5739390761053
-401.17704799152546
-568.3832731094886
-1354.2012287042285
-480.61518143426485
-510.6271752296652
-605.0187296208192
-500
-678.1925166670267
-526.7542150433919
-474.4052774435224
-780.0167454380784
-831.0388252696607
-858.0725621458929
-575.7029879008387
-599.1816808254232
-500
-452.984953518448
-465.17747654145376
-1710.895490241091
-607.4680669379318
-744.8086125790106
-796.5115140268616
-616.1388947408318
-1025.0182185018245
-450.34976467248595
-953.7896505236544
-1386.4605361896834
-410.21099490477786
-1047.614493663356
-559.0170495981833
-708.7368152716737
-407.4799012191941
-781.3710027677838
-576.4181523150764
-620.4288012606615
-548.331603426687
-552.2469901108693
-583.723274707874
-1044.6160216595267
-692.8575091004965
-486.28031294325444
-964.3439483398103
-510.1032350911882
-608.3832686772696
-570.0011227599716
-560.2234712453599
-508.1590792082872
-710.294908121815
-573.9562241856044
-454.1356051104817
-1148.992831151056
-633.8729060904897
-682.4133349069987
-399.36112792122884
-402.24534635722097
-600.9737139538511
-709.0504338882777
-476.32306209445863
-1794.7352925452515
-525.2685541121235
-919.0508839626651
-1036.9566168474578
-560.910095828764
-473.56518989876616
-493.540226324579
-564.4680872489715
-500
-570.6975638678232
-702.4499192703882
-500
-498.5050701689961
-866.1390293074741
-608.9828701715285
-1375.9812736213435
-528.3496514274774
-764.7242810551757
-685.5132662036256
-476.6925742633969
-842.5539577516556
-521.9733496479573
-542.7098849007893
-472.55303596648736
-624.1602830042209
-577.2322726151181
-446.8313449694653
-528.5487692683178
-945.7112677958188
-881.4693516780143
-687.5070264012576
-464.8803527238438
-676.9846407305034
-497.9562742907545
-467.61798634688637
-544.9757438350434
-500
-459.91011319162385
-1157.8197856723227
-707.7231555291735
-473.37845139884945
-488.6836923998732
-1095.0395295694402
-656.6016131455917
-1117.2695624870212
-848.857423822897
-595.9283568258237
-490.9750061085135
-1599.9643669069135
-563.8925620617309
-403.3077856134783
-500
-500
-638.8826208640885
-539.4447809543442
-749.9006912639202
-448.5983577920901
-548.6471289133422
-489.880672468489
-936.6356119984945
-1026.1996236507593
-830.845978078294
-460.93508607541196
-519.7335656467717
-1546.4504782548954
-810.6216005180306
-808.5753803833452
-1445.693047699541
-418.7210325442321
-560.350938473997
-439.45952464742237
-621.4056724365458
-582.7343304072936
-626.5497470181751
-728.1116776135273
-720.092495966584
-602.9728397885838
-567.1936766800395
-567.1802623778794
-500
-534.6278920381278
-1151.81921342571
-561.5213078671477
-780.0957465176878
-711.0420002912686
-670.9307294982684
-606.8335567804426
-593.8432314021763
-663.286972528315
-500
-551.018914842283
-450.3143689066283
-500
-463.3395386403405
-1483.2850261174449
-374.27673641478634
-528.4953155954372
-464.85650331390826
-1432.8601853312107
-1587.5830871383473
-500
-642.3310789380779
-491.4333951953454
-714.633032741359
-457.8575608755205
-736.2942794476438
-644.6894642680126
-521.2092115054043
-892.9839044221767
-838.8914152919576
-721.9623216266791
-867.0062968189924
-494.49891212952866
-1539.5168750549033
-500
-424.5173474929897
-512.6226035472007
-606.3605152808292
-531.9958426440862
-725.3354627334786
-588.2495236657187
-689.5058327976202
-579.2517621239447
-868.2373718975384
-418.36085842463945
-1183.7416188043067
-539.7981472232664
-656.4872862778745
-1370.3018400571304
-756.3987924942941
-823.7199322917759
-500
-845.6981070439052
-452.650883695825
-1006.7171539657139
-885.65477829763
-1125.0829610713042
-545.2086396623515
-559.6685465489489
-884.1356873736524
-967.7735571314405
-500
-503.8321323133676
-685.573339051371
-551.2366502162513
-495.800276742926
-1676.721335521038
-1244.7008336163453
-789.7743160720091
-500
-1104.7164348782076
-652.3375076297864
-706.7526069726488
-500
-550.8251751509481
-589.4873871090197
-997.8522389118381
-1668.960915319419
-836.9604448748707
-708.3582694185449
-724.139390411654
-654.5252745277409
-1363.3273494261414
-570.3472615141543
-641.7571290658362
-463.15698666183664
-759.5318215638713
-723.4281221521902
-704.4774467078546
-538.8628378442662
-578.2897758726253
-1374.5883369908297
-527.9838178711623
-371.4243804664181
-507.11226774599504
-610.6503080788232
-652.9116749067186
-500
-671.6994626349663
-473.26822093852417
-755.2818103820958
-667.9312244364124
-641.2803235218767
-478.6129786715086
-585.0545681981606
-739.27458233224
-500
-1614.6504025978845
-645.4326861684495
-500
-458.17440963519186
-1136.630301361334
-593.2836692341
-1344.2282133058452
-782.2100522532226
-1210.1420407767819
-643.0513114542778
-886.6719037222982
-1496.8821540591453
-629.4187914425648
-930.0162918458255
-709.5334000479746
-723.6889954860413
-576.0914329572847
-533.2593605453801
-761.5205158428414
-829.2956997575343
-500
-432.82592042114567
-597.1911176829692
-791.339896976389
-537.6635273221027
-744.3511279118318
-486.08657659717267
-719.3370527491572
-732.038351435514
-877.8145000224986
-541.4464895633855
-1261.1540521861778
-814.1869975016064
-778.4177022701894
-1504.5380112037699
-666.4642297936047
-506.32533724511046
-803.5764836547412
-767.6115516194569
-886.2660563233275
-872.6279324599301
-604.5026575954323
-834.2894921029704
-1476.303608007721
-500
-506.9839692480693
-469.90749192762996
-1331.5397267669643
-617.9775958439001
-546.2532443565376
-619.2072633705195
-547.2134074558751
-628.5982267574468
-582.6807176667073
-804.9730668302798
-1266.2894009381089
-458.69146173017134
-541.6441983774365
-529.7223110044943
-486.3742597682181
-591.4524895162247
-760.2590693952862
-489.6074970853193
-584.779823283013
-586.0897354698507
-501.36557939592007
-430.078525881635
-537.5427571961332
-654.0384371950714
-538.0366711108901
-1639.4573830693037
-1488.8086088652685
-1185.37663934664
-806.6649828939818
-522.0096831712985
-571.8792779622445
-719.426939169319
-926.5282091049239
-500
-545.5228764083859
-1560.8294396247104
-1351.1529311696127
-741.3612285893088
-751.7392729852099
-691.588250452677
-694.4069227148501
-853.3447251084912
-500
-720.6057169049434
-557.0672540155462
-583.1421905118723
-532.1610117414828
-808.4022373487904
-606.7103095018872
-870.1325547659336
-508.50550660197325
-1129.1368126563023
-502.4659645482152
-624.2736452138995
-343.08364810771616
-880.1952771311975
-1188.3069814052265
-549.7590528613183
-688.9665888119622
-689.2442208773484
-567.7472336271808
-561.676229140219
-533.0099368245592
-393.56059670316665
-541.054640647779
-500
-500
-503.981371246309
-1085.206882435089
-516.763763009844
-404.957803998732
-422.31954937624414
-676.3934284557915
-570.5092457842154
-725.5082210767052
-646.4306752413595
-500
-1045.7037250631229
-1099.9182486757281
-653.176157930059
-515.7174945411688
-670.0257780257938
-546.804770114107
-962.3625332909143
-584.4816050739644
-505.81707050507924
-888.2669846766888
-792.9434670369061
-738.8595569494988
-620.7512749744872
-1526.0052475229447
-586.8328175979954
-644.6061585978533
-995.7684712347398
-625.7569287356926
-776.0851237817375
-967.9837973249945
-410.5684220446863
-547.1636996132328
-665.6636544395573
-539.1472265171578
-570.3811631296148
-500
-500
-630.2879444969203
-632.2975952831066
-705.9531239002587
-557.94942902708
-572.1078773511715
-1355.775211228851
-1360.33318067859
-673.4709995425619
-502.4757742500712
-426.56900761704793
-791.6624671134128
-413.6987744720845
-825.8063153292891
-1698.397056736372
-452.75948932843727
-442.3081154741923
-1244.8226027467097
-596.5215501191337
-576.4314427451443
-1590.2947252590225
-590.7251077765279
-595.4018783834179
