-500
-632.3308278745542
-468.4529152994504
-1064.1755535182547
-591.5057564390777
-667.3338482060949
-1795.362433721998
-527.9102285855356
-695.5621226767455
-589.7836876723799
-359.2716446921473
-974.7924472149507
-752.8418168415576
-331.71960898626844
-594.6543397923838
-434.51447891242094
-454.74795562425845
-509.70354524558593
-581.6847975779116
-954.9290499614307
-613.4379548455443
-575.5198608858311
-500
-554.2256451247749
-676.2124105114882
-491.4580758139132
-1254.1694549002818
-579.5601477198766
-428.25924455442635
-507.09703924019215
-768.9724238011239
-565.3686228412112
-747.401648275862
-635.2949204867481
-467.4217716969892
-534.904327637151
-688.3589147709844
-638.807886729075
-710.8982917918753
-440.3094925388267
-1301.559418857086
-552.3757374192849
-809.9511614539649
-484.01953352658995
-641.6035737170955
-607.638264996044
-800.6306127046232
-873.3554368400711
-958.056138073337
-599.1056088837884
-578.8782440036663
-764.7499891093267
-709.6610885845508
-681.2757108853871
-532.7970712755209
-500
-415.68834203810025
-772.0086587284392
-743.1026611640658
-401.146512669602
-500
-438.24707738537097
-647.9498352692159
-450.5954994910176
-964.0339804301666
-488.10529256672777
-487.95186093259684
-500
-487.66558905543667
-500
-492.8228176358669
-1408.6632618254803
-535.9857594105463
-510.18038629376457
-838.077893855732
-572.0049836686308
-529.4323316152309
-683.5019943169922
-416.262176490363
-500
-1225.4151021958805
-605.4507188907041
-938.9536693359563
-577.3056450065465
-619.3080989635514
-500
-664.5542330785033
-544.7997725826496
-611.9071552773469
-688.8707980671871
-741.7393693658087
-449.1548041953725
-816.1643179521052
-780.4482727420736
-846.1068130069087
-723.7260333633625
-621.0731796860878
-522.6403858603542
-981.2265694847787
-1235.647913720062
-500
-1050.9828713778438
-859.5278946926533
-1227.955658489141
-533.2655837002956
-643.8149570042411
-520.5175568774584
-650.9638206118419
-841.5841894990851
-615.113623915888
-427.5695463247268
-411.42211864815823
-408.1896653913241
-514.2835242006773
-896.6969864143621
-735.4447301560016
-486.10341912485035
-638.545811599488
-409.8748334407866
-1017.5703335456944
-1012.2721455130305
-716.9388251207934
-685.6764718832471
-615.2487253471646
-764.3765729663463
-571.8051806131077
-612.4605570594825
-736.9029966200343
-590.4535420930928
-668.1170926725399
-953.0506043796166
-1098.0186101512516
-661.8193921557523
-854.2472675356847
-908.1443168609376
-520.8908823754857
-747.905820158556
-455.0084019232622
-442.354070011703
-798.4679600939617
-537.0226954201761
-553.947362998723
-734.6223101299067
-618.7099291069618
-451.45597732404286
-573.5370468079163
-608.4117908107708
-612.5449993893992
-1427.5666544486805
-500
-700.8628223312288
-530.337434820264
-757.2023937242185
-872.9487648122897
-1576.1352017183226
-499.55443392024705
-500
-552.7942376896973
-947.9794482726903
-491.23295981007067
-462.2000567543589
-629.9436889533102
-571.2070139415521
-584.3115163451323
-500
-512.050480955375
-1216.1712778507783
-995.5170051519265
-485.245082177465
-508.54381522311644
-547.165714396786
-557.8054438936658
-500
-616.4653936413126
-431.22533840791186
-732.7049836125601
-860.1503671798182
-725.9186833412607
-546.4200251116638
-525.00342248855
-836.3062197378305
-500
-500
-680.3841641798899
-817.9619254472913
-500
-960.1479174548383
-854.2432741888172
-601.7805188524576
-500
-465.17010626474035
-494.09276634851517
-555.9712590701694
-776.4118539876155
-619.9504061316392
-569.4388658578855
-641.8600131597266
-575.5932658710703
-500
-633.2264037365366
-1387.6786311296087
-660.5448227713467
-510.5352611171175
-654.8029447991522
-464.3951830721249
-495.2329569969905
-574.8346971405099
-621.113184220749
-662.3275779004505
-565.6183472435105
-398.9889857267995
-482.07751555331635
-1067.3882384276772
-832.5294910622778
-619.3834965527507
-785.4925145759447
-644.5026006146223
-500
-580.6776334663494
-619.1636962515802
-582.458709674859
-593.5191587879829
-446.39432539958887
-588.342228929578
-600.4848824817522
-417.9110059926895
-761.4633629669395
-862.5066808466933
-634.0869777602397
-463.3138499119272
-500
-500
-551.3059584420423
-462.6559248510538
-609.8976397113795
-583.1125553135141
-468.70888781527407
-603.8073564094268
-500
-518.0882741430448
-655.3714721640529
-602.6201238306804
-638.0207529779074
-427.73159034607266
-1090.4261876887094
-1550.9395295893373
-502.98331215220423
-661.123554709829
-500
-1227.699721771378
-500
-658.9437109949099
-1571.4923002449468
-689.1768220222618
-1169.500480134835
-615.4820958835061
-581.8197229398511
-1090.8561737062419
-719.366101300809
-777.9017013337782
-563.1008869456726
-506.1942218136584
-983.2974993137798
-1620.9805030649202
-509.76698676247406
-716.7033107851158
-500.33812649851
-521.2378706534486
-1447.271030177851
-1153.3947865947082
-430.9107220798925
-500
-682.3591522527446
-852.0105770653979
-1371.1516328844405
-557.1866209463801
-500
-668.1004192121451
-597.584276729245
-872.5945324883551
-745.5597313759166
-436.93009893782965
-724.5534060764003
-762.1484408782403
-851.1333186667861
-900.5131483487264
-556.0383354061248
-487.5272248597676
-1334.734249926192
-1459.6529946150863
-456.69004542414723
-500
-851.0813188040813
-1722.8936381220828
-521.3797466798917
-908.6327956783919
-484.8790277520112
-682.9897807177883
-470.6085552371559
-526.5467745578856
-552.2745466212921
-735.3692535431671
-537.3696861328108
-902.7930711316578
-570.1167519823668
-686.402386873072
-567.9888184702404
-467.5263229340267
-386.0993807338882
-909.5815828396981
-666.2841246012347
-569.0814396509139
-734.6574956593132
-1209.1439565841592
-1367.0292787651824
-842.2811712356819
-558.3628979072136
-519.2920397710527
-1737.371998657308
-734.5766214647589
-594.1893406425152
-500
-1549.6692286803102
-550.9964890528458
-758.40460811497
-733.7274868287881
-552.4075095920427
-667.2871002175425
-782.9758947037225
-449.31785173664326
-982.2269610862813
-702.3448426559671
-391.8909491487421
-663.1817808116481
-529.8930662898213
-786.481429315341
-470.742436944158
-473.85555306388454
-648.8599492954793
-743.1428396230893
-500
-901.9347034568856
-460.00996869809865
-824.3598389965545
-713.1247782919374
-1128.0948850006278
-644.2477335572544
-672.4950400178708
-751.683772980912
-628.3968424017287
-915.858370326195
-1066.8781893315836
-722.7096030454142
-574.2372486905585
-500
-481.14172985770364
-611.9154304515955
-737.946294673329
-556.9613479849321
-668.8265176140109
-1026.2145271204345
-710.1965723586452
-1173.0402192735805
-613.9178292152171
-500
-1485.750746342682
-500
-403.2535266369075
-460.8342635678107
-855.7019642926997
-580.1043798014125
-549.3263483500774
-972.2454499609547
-441.19763827800364
-530.0358087196807
-603.0774668503869
-570.9039158483145
-602.2189947073766
-590.5060575418846
-599.5667005660014
-480.139377960911
-541.4998178687172
-1347.408727215145
-695.0493939161788
-674.2279084334517
-518.3624162753161
-628.6523788850916
-714.4394869087116
-500
-1157.1975116540407
-540.0228205047592
-704.6354533354364
-620.253525046975
-724.7211113831537
-585.3222549205091
-577.6501286069531
-957.3965587259341
-504.2248881265438
-621.2840633264643
-531.7329720223399
-543.0684210314753
-497.36274121917154
-597.1930049418638
-930.287434965782
-618.348142004214
-641.0421570058238
-873.4926587137353
-618.9050054937478
-1414.1316353234954
-741.0517118920761
-729.2216109294594
-1476.6397633214676
-786.7809139140028
-391.3333822927491
-656.4506130697555
-535.0326789439505
-1067.4803793855035
-506.21904600807125
-500
-1484.162154225254
-413.5861968852234
-564.0977511082067
-444.1884644705615
-481.66410975160704
-730.3717562220078
-744.3475401486796
-593.4190416290726
-472.4683226597404
-483.2268316042511
-756.118955854235
-1025.8067943912442
-500
-1056.2976975851527
-500
-951.4356337971452
-914.8151046645876
-488.91743768171796
-588.6867200253707
-516.8622567013514
-1569.842176170202
-579.4558424719676
-635.6076090791878
-499.08236209372046
-990.922495963127
-456.8358862134175
-524.8432153365814
-500
-673.0120753464754
-536.7720250941081
-500
-512.5239012325197
-615.7613293725415
-495.2518111432417
-368.97312841428925
-848.0990592354414
-1267.0917031486397
-670.870930636706
-505.43503090618486
-789.7248506634653
-598.982701286152
-656.3401654056702
-565.8612735920703
-776.6914571663398
-500
-517.2433026297384
-654.4357422976911
-518.7968522425307
-528.0499382840818
-719.7835577631295
-633.0252628864064
-555.5117124634904
-684.1108148028527
-576.6616305680457
-702.411564761413
-750.1510312084644
-1176.6658538703443
-500
-605.0631605839028
-1369.8194012219576
-1211.9500600413644
-1078.793670296327
-500
-876.7497705066374
-688.2024367086733
-1564.8257431702916
-541.8871964575104
-772.800078954899
-666.3118733751129
-527.4902673326986
-487.92242497609
-705.736126008863
-612.7776066256116
-649.3236779370983
-1682.6870548988352
-485.3707252192961
-1640.7585982390253
-566.1554125840548
-1163.405146271331
-810.1560782312274
-497.3835112528321
-436.9929736017359
-473.7049628981813
-527.2817225289473
-817.6757050222649
-527.3857054619873
-642.6162885975484
-559.0274038391681
-1081.7889475102825
-458.21108008941826
-730.6413650497973
-790.3545055803116
-1188.008116004602
-500
-816.5039722891318
-584.6284340248147
-659.789691562761
-482.0004407710431
-657.8419475589156
-416.1104074963534
-754.7618201454846
-1075.3630476531662
-753.5055601197653
-1301.2644733858235
-1012.5748859844646
-1073.9089646401371
-698.5303848947
-500
-600.1683213182129
-500
-478.0584881113405
-1671.0120066409168
-411.9351134921189
-467.7592801946545
-1016.4314445320911
-818.3300325468408
-701.1233646346445
-493.3375792169027
-508.26308598550395
-562.3069736806779
-500
-809.835076533236
-533.647365239341
-597.6075413865979
-909.7697387100584
-554.1252097605677
-447.30537340193894
-603.2022664099959
-1779.4088029997588
-928.3369634378179
-409.48482711542994
-1217.1917215539609
-662.6321501163516
-612.3818017833477
-1660.4239227525256
-623.1334204149462
-945.4453644831688
-401.17568649223875
-541.2092544521554
-496.12942723173916
-500
-1617.9738474233673
-570.8614020888251
-776.5701269667362
-625.8489897072952
-556.7344635302811
-595.4295759652094
-477.9147639042587
-587.6810730619029
-715.3002589753247
-704.4521254035599
-768.068371853255
-604.9762923146075
-1019.6002607191907
-731.3959863298422
-765.8075625377986
-535.0099950528611
-715.0561717516623
-546.6212889003059
-1394.261185346085
-469.8759171329114
-523.0080459679565
-427.4939244587566
-914.7243996477004
-809.5227411568694
-1147.4860247859951
-804.8082347924644
-830.489033640932
-856.3313019175495
-500
-796.5105382629212
-838.8843966839335
-524.3449985871846
-1113.9938680762057
-1695.8625465993716
-627.233012109035
-1195.3537568293912
-911.4342173009427
-637.2722386004916
-1003.9933013670936
-1196.2684140153572
-508.292667543595
-996.096930437944
-582.5636414690621
-383.09669656182683
-601.3947616058849
-433.7867209544793
-712.6170525169676
-558.2286527326695
-1329.9896939936486
-511.62169535798944
-639.7522775992807
-657.0619934270027
-719.8006161502296
-714.5039553507945
-656.0377808929113
-1063.4664104533927
-1252.1924279573661
-720.3344966091436
-944.4013292263165
-639.2292477414512
-613.752109255737
-487.3249924146089
-608.3995484238246
-946.6368554090643
-715.7435547291975
-466.44643253543785
-500
-504.7916577074767
-555.9142966814843
-860.1443951400367
-596.4855084986582
-513.1752562639651
-1583.023811265926
-457.66311152510394
-467.18078047587665
-543.2066052101161
-467.39198178054625
-684.8301729421808
-668.2014561869929
-454.1888136575775
-464.79485023998046
-548.194247329244
-500.83211555401243
-678.1447910605524
-1774.4541266343138
-535.4804052495654
-691.647681686513
-445.55487909920686
-1123.6369162005972
-720.5759427633095
-489.5499328364399
-519.632619654863
-608.3935167479294
-581.3928536231949
-725.328853570975
-613.5992849701136
-1065.9239063511911
-386.9020231305179
-648.1344277461196
-539.5847019431892
-1411.1861022224848
-530.5016725926696
-1193.7321150935907
-439.8460432969342
-434.9505156714288
-559.2043320856295
-986.05078703348
-706.6416082777316
-1124.6720554026158
-543.4180725712856
-798.6667536049963
-706.6983943328122
-721.7945153603515
-465.96488322658354
-1299.8734507599531
-341.07933771420153
-808.8815429840612
-447.94932950746136
-400.520536981219
-863.8459638992418
-537.927350807766
-760.4114683270013
-731.7357949040398
-412.40367311836565
-571.2514792379957
-338.8610548229972
-694.6933739631136
-591.0782265273995
-591.7334435419093
-494.01892350308907
-538.3832743050068
-835.2541538011498
-565.1821382159669
-694.1139178500965
-431.9587204610287
-823.0906431349613
-619.1320192302861
-673.7269159012199
-770.5776533805765
-686.4697596898494
-655.6513706294946
-492.8048946531526
-352.5526425207653
-671.9538754680615
-1127.3305051872649
-433.56184371155916
-676.9219265675798
-997.114403688535
-795.1257863106798
-836.1049580875058
-686.5662739240602
-511.10183035725794
-925.6751416903418
-669.6547578529234
-444.27203798119467
-1234.3413509757304
-705.0406081968129
-654.2243603102767
-500
-651.9426858559954
-406.48626964238247
-568.4817410636257
-578.2541231865455
-880.0579038418808
-656.7343432588275
-1222.3993660057965
-504.29439645486536
-452.1695965969625
-584.2740092105363
-684.1946096106863
-554.5880552368639
-799.7989911204097
-724.2364896951505
-579.3312134918162
-576.6395257850082
-693.1688144408383
-488.9108493566608
-556.7604947477685
-540.9881940342226
-448.59832677840217
-550.7678050776935
-1015.9448136754175
-794.0480246786584
-569.0696378098378
-1022.5023148467515
-881.4851127144075
-550.8414661051386
-1134.4259517704725
-657.5142701354401
-566.2973294383462
-689.3860655327763
-624.8205629601504
-725.8631813653614
-546.4456400888139
-402.8460582401167
-651.8343296696947
-1470.438257340675
-552.0956130853447
-686.3871288808523
-445.948203884266
-968.9317280669645
-1564.5822699775815
-561.0783549778782
-527.9924193208305
-796.8536266084873
-931.813720058844
-592.211277792491
-506.22574094568336
-485.83796358625546
-920.9590492537739
-955.4559692840326
-691.5943021059298
-1664.286339243938
-528.7735852019771
-545.7145743045951
-542.8704460723711
-500
-689.5170103306252
-1015.5083840656
-900.4685079502638
-689.4789980351643
-721.7434126584674
-557.2483996238541
-1731.3750626294343
-643.9513388651122
-746.5093788961211
-1288.3560358934437
-500
-443.24966926927965
-500
-589.202175938628
-844.7115877903127
-604.9218298745043
-582.0258458797923
-529.7926315440297
-667.1413169143718
-788.354965776091
-503.11715501112377
-650.2225599478791
-690.3154486823618
-746.2380434469108
-694.0059365800162
-458.6351605751986
-485.8436937075576
-523.7206032203981
-545.64719898117
-754.9049246996684
-1199.933943992501
-482.2878504212644
-845.6645985011464
-895.8593647821468
-487.9679353749451
-576.9045308145135
-637.7138447272828
-791.3958443704475
-702.8636714369351
-904.3441988760811
-378.85669961722317
-491.09677176107266
-1379.2223352784465
-439.86890383115207
-1431.7940506207362
-610.281627470262
-810.9588137768203
-1396.9921450235004
-699.6708420441897
-495.1935530012364
-715.3390477821827
-629.0458013891346
-1316.3714748616956
-598.0429570548254
-1427.5343410803728
-741.1727296917264
-538.9412781213775
-722.7629291359777
-596.9966703991538
-598.3798243563501
-575.9904331075455
-500
-1029.5526604404042
-431.3672138532927
-887.4618965010242
-450.714562141407
-1085.3518459656354
-608.2252824535085
-393.4941619948224
-1719.1266583624054
-636.9673507942892
-752.198064092709
-1066.0884815093332
-1715.5702368862617
-629.6832709972922
-827.0695448628762
-952.3373214585492
-510.3308898136485
-710.1249321300212
-591.0109533257767
-689.3254360729532
-500
-1156.0087980509932
-554.947578935351
-915.6126285555301
-454.12312343820764
-596.7205496413968
-600.1228857962435
-602.7832919470968
-594.5508294796389
-566.4112533012382
-470.24810700264055
-1261.956626977068
-699.0440071834357
-593.6142015510931
-1794.9679707125774
-1169.966715731788
-595.4221194430305
-628.9506186820511
-528.4010643381062
-618.3082992994094
-736.9544981729979
-559.0414738673569
-1153.889123462018
-504.76564154564
-705.469250651704
-762.6162987760213
-1657.3148827346618
-570.7082245362908
-454.8770375417232
-624.8271049478101
-566.1314986737641
-500
-503.05960751003323
-760.710715797607
-716.18311157734
-822.4095097759024
-466.00626587446357
-409.06542668602765
-752.7680368309507
-574.8072924460583
-752.2391697362449
-599.7805628541013
-479.0274055828777
-968.5929481645138
-1795.505544247229
-890.045360839021
-605.5436682668928
-688.8329591611338
-535.8640277878608
-500
-743.5930388384107
-909.8555541944801
-563.1339137651432
-497.46993010226265
-1065.5372773984218
-848.0164499163394
-1540.9100111559646
-358.9435975684401
-616.9946053643872
-1109.2369041979878
-515.9381181578688
-484.0082095581747
-438.24190154676273
-609.9697997851592
-562.0141455736198
-533.4987943036737
-716.6055528787061
-423.3858061956646
-514.9707219008693
-487.7808262717482
-595.5350284825633
-551.600239292386
-500
-679.0397725023623
-1241.006418032848
-514.8355921957228
-503.9510850563301
-792.9064408938858
-597.1746692897609
-695.2496416281098
-570.776306307204
-731.8473794961244
-398.4953483956155
-601.0026197796165
-527.0948673961407
-1184.3332097539103
-857.1972526591348
-798.6245403788603
-1582.9637982817858
-754.4341325772825
-805.8688790900268
-548.7255652380879
-986.945530660601
-500
-539.9776880381819
-919.6246098404727
-790.9943961528286
-500
-588.0316619031778
-538.0321904616032
-713.2485805274282
-607.0622072613871
-399.5806769152946
-667.8701489702762
-1299.2902952891081
-579.3948061821375
-662.3053212401951
-597.6736399379035
-569.6520939251618
-605.0353672240406
-919.5345867465309
-655.6446704753888
-781.795643190993
-958.1155586695411
-466.56985877969424
-500
-832.6344363875655
-1322.1538940514515
-500
-1617.3600088125283
-873.1841998249754
-599.8330782137148
-477.8568003284327
-796.2587252942984
-464.56432779385455
-710.7473593766407
-666.8094237069778
-781.4426180650624
-715.8949004987631
-488.98260627889164
-729.8757174246672
-1400.8550176483352
-1000.9851869074686
-594.6248216322199
-902.4685807918058
-788.7101539358096
-752.2794361718455
-553.1607097896454
-1702.8898167018287
-432.5757574407846
-632.8824711161132
-857.3055032062013
