-162.06327461142737
-182.25878088745878
-318.59316921018785
-173.42648688638434
-150.6755672664013
-129.96505845383308
-151.6991726252303
-156.56176788384028
-45.72880579571682
-175.71945272414231
-185.8488037839274
-150.62845505867523
-175.20653359331118
-43.856154801971485
-139.98727571920782
-159.28443957605464
-152.30175084361167
-166.86333316393495
-168.71748442831958
-185.2892332355871
-145.85483436310955
-170.21578817542633
-154.41181356476488
-223.0158333250334
-126.34643790768789
-133.3361337437815
-153.2425757428844
-102.47917428960204
-134.70143716211138
-152.18119670113146
-165.77871397890328
-161.95946889211723
-121.85961428775204
-118.98392810180225
-103.89569811925536
-173.67657517160575
-169.08262837418272
-66.05976516260993
-209.1534664874068
-246.2386759605774
-199.88540077466357
-230.27232953762297
-241.43235261592034
-292.20081954210275
-323.72183751601676
-295.5774969077424
-492.37525387410795
-497.5948746207686
-739.2635484652753
-441.45537565253915
-749.369039502993
-868.2151300844693
-421.23584812156037
-488.04158491292145
-746.2931829149711
-999.4946376553659
-735.8395990298319
-478.06190959587315
-697.2276695402463
-642.5730128031948
-780.1769053831148
-546.0580565949391
-471.4321489886706
-414.5241099419028
-614.6500897730223
-519.7753033630407
-505.677060712718
-461.24571749992384
-701.9276960812588
-449.0846746178076
-644.1029232188401
-490.6271248504186
-900.3467647870831
-686.46709141304
-787.3194416812335
-781.1949976127987
-562.3007211702429
-410.9456660338685
-464.21912544912686
-478.01916187563484
-488.38827565399026
-690.7152751803195
-419.63956221185225
-473.71593230612723
-606.285387181698
-777.1558345920193
-435.62373624784755
-447.206122849755
-480.405876520991
-773.1924953803433
-332.82157351328084
-382.75989906397916
-572.2645354116986
-474.20916091411857
-246.76879692609006
-465.35322349669576
-467.8442505515245
-695.9194164366654
-438.51862601651476
-777.9982695733584
-436.72783061777426
-485.5629169542842
-541.4877186166154
-437.803953536264
-477.90806754040995
-457.7650918385923
-517.7577008791551
-584.9149864266001
-605.7887620034604
-460.70282691882204
-409.01503134782155
-745.9793867190097
-493.7039878155369
-372.18514346790494
-417.5862917726111
-1018.3177334554156
-454.9567940969132
-515.0683815214456
-797.8126119267962
-561.1034625867097
-441.93920410663645
-538.8972629783738
-492.34901415361105
-480.33971447400535
-522.036457193328
-550.6008435303911
-536.9198725842157
-765.6509466578016
-386.77537471492735
-499.2528169196436
-626.7853950562838
-536.0143970403228
-431.8130339344957
-344.9264732479144
-348.11580373103345
-610.0737544697107
-471.06272411055625
-395.434141692909
-344.5680217896987
-406.77263791519744
-344.2278006871809
-503.29301910152293
-489.10992444270516
-465.93895930324703
-597.2421797937825
-412.298170444387
-459.5633248567328
-700.7444444402095
-744.3431820169784
-537.0573776827989
-552.896856128707
-470.8494844478036
-438.20392610088425
-767.4601960018526
-794.8446876727764
-445.0949559277336
-850.383807486589
-516.1471452022867
-482.193807917394
-520.4007110797039
-817.0740299613643
-521.4767068292983
-503.73315453306293
-560.3021487688814
-762.0488457071336
-477.3394789522202
-501.88184037378574
-559.3962770144409
-532.1903835140395
-630.7413014472147
-976.8934716667485
-786.1944771379922
-439.5592335166654
-484.66428355287
-766.2573340098378
-412.6839737615207
-598.6151940845455
-343.15407147864175
-605.0324668449576
-427.50759007894004
-531.3211246182382
-425.3135882901065
-494.4468247197596
-649.5227276886502
-394.26498245630466
-521.737776250698
-439.77769727732704
-550.1957203249731
-507.34841401853464
-366.4028694536252
-440.48050864091806
-521.3948820421647
-495.43723697350333
-518.5080082754324
-452.85585020199306
-515.8496336210696
-377.5617379381496
-651.1708695087492
-574.4639609278311
-439.0232332079065
-397.24688043060655
-616.8266697765571
-579.7424131327631
-476.76618436658856
-745.5857080262749
-594.8308627227779
-680.9737135010538
-556.5691334574258
-551.6910058338776
-540.1324829367211
-805.868397519455
-771.1738182020525
-685.0300892373959
-348.636536876758
-535.5179566515494
-485.59136716291476
-411.090006202156
-747.4108251306344
-476.0541884595548
-426.10123665655817
-778.6032804859469
-494.7395210558693
-544.7362549967739
-528.8512113246989
-477.78945371130584
-526.4746206161474
-477.32964587563526
-447.4705545887943
-562.2523956587195
-734.1484177903446
-506.954505849313
-438.34266419954525
-514.9344114557679
-598.5994092250853
-671.6286155568133
-396.8947521542378
-676.3412653976598
-419.5995806265393
-901.777411911767
-773.588131192846
-502.5340565597438
-1003.0972962617533
-501.6165089916948
-286.76976960550485
-445.44739006496485
-398.82665473402545
-414.1414725250989
-506.6456193730228
-479.8111170420781
-443.67930358801567
-783.9200255408964
-546.855432790171
-552.8742272100128
-456.247327754681
-456.6535717578131
-471.53798744777794
-439.29214928567836
-492.0631351771033
-350.938242799097
-667.6119461965236
-741.5709958164732
-529.3646085613117
-481.8754256271112
-428.8950074898147
-526.8534691108628
-350.0708814277466
-710.3420285431272
-872.8550618697668
-488.06429367829304
-452.867791640616
-576.2791745840117
-346.1757019331163
-736.8907331102215
-595.5505262100788
-530.8147676601685
-447.1153708224222
-542.8368493770831
-813.7129733833581
-457.4264174181173
-415.5786827509814
-515.7416973894977
-985.711303403721
-490.3558310319877
-597.5692114042927
-473.8034966457769
-410.5055946555159
-494.814626051951
-593.5795079765616
-881.6856537068068
-357.2093208690853
-519.8366608317642
-426.66194831298304
-490.17538657076653
-872.744885678066
-590.5514756469736
-818.041950896948
-422.46034419391583
-427.73112908190245
-730.338557838854
-523.6883872184549
-562.1293364694067
-551.7029591332251
-559.3687259972897
-765.0439775227416
-491.31186315871787
-528.0123290817653
-365.11097615423193
-572.6453184130089
-470.44540234670865
-570.0715852085765
-459.12678591754906
-475.90870762775535
-726.0899714535406
-697.6695626397048
-449.59541225761427
-959.811285931892
-499.233461362212
-366.49137698955536
-739.9871939104453
-790.8621978667541
-749.8994494516273
-737.7189164474481
-673.724758947964
-415.18357389320005
-776.5626134317693
-800.7769511209118
-453.9542174640852
-714.9003132349005
-539.4770153040308
-500.63624680346754
-589.033750968408
-497.5760275600651
-770.9877426885281
-450.48520311463955
-517.6177593820956
-482.78536953184323
-782.0658668826148
-469.2109360936706
-831.1358939327888
-278.4088306652104
-487.16961547516576
-748.70741582879
-460.2465662991315
-703.6251007191433
-406.15263547052393
-385.04483752871363
-666.5444588232377
-520.4548972926495
-710.4009879507801
-388.5986076735426
-491.0462009787766
-347.5831593382913
-422.3236742904597
-554.76314443555
-592.7002642637142
-726.4105410710738
-615.4511909657687
-488.47904414805566
-429.00119661321753
-489.8813803681054
-449.0776129152824
-696.7241116044952
-739.1203248631575
-408.1395060805127
-560.251028308548
-519.1376754022338
-376.6173029927431
-718.6839804180913
-731.2859711679268
-723.8773454210274
-556.6091262814042
-394.48707263776487
-772.8121631619308
-740.8708665681147
-521.9726783477746
-427.8652350191876
-628.6818194809983
-514.418714573201
-540.7228040659385
-461.13508238008296
-501.4549878288125
-363.72326040254995
-561.794745371114
-537.3294373774177
-491.76901755664466
-584.7682218815423
-536.0145843919651
-461.15509002902576
-610.4753311517959
-1105.0579874289135
-448.050142307437
-523.2954919630531
-491.5786164207394
-432.3724914792482
-487.24094214341494
-798.1862073396775
-480.7384637623777
-853.8134716925133
-375.8180705487431
-531.0017969329369
-588.5827761471044
-583.4599239120234
-820.5560635060216
-470.25491036004695
-846.3174145716101
-478.9680006777942
-729.8555526992325
-521.4557373006696
-804.5518889953975
-575.5630200864366
-801.1902393319555
-467.44477653179223
-704.7976213953503
-367.628698990828
-918.2405832338856
-450.88141499914286
-497.74505521709756
-886.4365127700397
-532.5517326856425
-552.451283685273
-449.2345615842114
-672.7173914450543
-641.3851575753966
-480.22561259050156
-447.6324165403677
-388.64116065007914
-527.5922356818653
-501.7938433300212
-517.5728615238202
-576.2907566317825
-665.245189752994
-458.2306555790988
-337.63065204545273
-760.5891399727815
-564.5976261025801
-555.7077959826197
-415.72364840588176
-498.1493269897834
-904.0764377908831
-859.957126009698
-470.99697194090083
-549.7456325740371
-513.1840061261994
-349.28550012312735
-447.2603915738897
-528.9559868345075
-425.37241031227387
-519.6314012652734
-527.6801976989191
-596.6595284181948
-562.3748647892626
-500.6048167210933
-382.23551726405645
-373.85049954288513
-505.71043893301646
-823.7890176357018
-582.4325712075071
-799.9039849023778
-773.5217034387429
-537.4624713924303
-505.77119785514896
-573.827302713398
-911.2670481028638
-546.4135532449473
-790.4497890839874
-647.3407538115891
-443.2691269990932
-692.1377287780197
-651.4932529816317
-436.1987355746269
-776.4592223195176
-888.5614676882221
-435.8345091983136
-689.105867536639
-368.7973480112533
-502.71416394432026
-925.1455715553149
-568.4284456258797
-580.1163461541464
-448.19562009929916
-477.97798908831896
-488.7191134861775
-452.490104162897
-496.88282863242006
-775.1857908736226
-560.4332901362118
-569.4204631164394
-461.09074943487127
-763.3388227601956
-902.9100265191514
-332.8361166084491
-1076.7838243457043
-346.30600288901985
-447.3680323725205
-820.1321361749914
-456.2331679216704
-777.5062963475767
-482.1897420592554
-735.4083810207148
-677.9183324008347
-1004.3125825122685
-518.5392403287904
-516.0215869950413
-571.7232647972284
-502.7426717665929
-535.3489897539671
-415.2537928542093
-466.69219841457175
-469.6282955614664
-519.2933782891272
-665.1292933405025
-510.6037991311862
-615.8059631505718
-475.6341244901177
-498.8167771768143
-541.363358916499
-515.6821869556604
-443.3582603607408
-390.9387853457728
-802.8025320421875
-849.2024946530503
-875.7610364992499
-566.3268531846404
-567.1138971418819
-449.6622317827828
-841.988491046774
-781.7155811786934
-805.5568988218697
-464.28181126237706
-520.5635803646219
-600.6245034838385
-509.20258070546095
-1065.196912181581
-659.5649689360368
-426.5841422915185
-1110.026301834458
-440.1688439247707
-365.2179815248488
-465.51018460076205
-770.3968427529396
-722.8688539157592
-614.6457390557096
-463.17721804119293
-490.9099453582706
-362.84713125146055
-454.8079142340331
-453.23999956351946
-512.7783825277669
-623.8207712439838
-310.1736355629728
-115.13584836644412
-340.1730532706207
-95.19959538360246
-164.8186384487754
43.199084981412
-108.42327380839177
-300.9629441870633
-649.7878520761964
-162.3240669918598
-136.812473102107
-666.5939276170926
-198.9730034383428
-122.77663822901127
-123.04586860949658
-105.7334596776461
-142.77223703352945
-43.63085226462243
-152.18200179375066
-87.18596984081654
-138.6267154375772
-212.78288173557834
-127.5408593483574
-173.33449315677723
-151.00476478622656
-144.16886810509013
-212.22373832439632
-136.39414443372047
-290.53462582022814
-100.03564933188744
-167.84902146110227
-140.4252919474958
-119.84926643522593
-105.52491461778581
-157.73970526622313
-135.0042601396502
-139.31579837907032
-147.00432632586035
-140.12019655969087
-123.00844199578142
-158.07736036585675
-124.15694990586871
-129.921700200265
-117.41950344667464
-120.80659689131417
-123.27359885288868
-132.28057749610227
-79.28041463897412
-93.5424837666277
-322.3121187112598
-154.51059805274758
-108.2122365715837
-137.0393004508273
-145.50802769580133
-150.9128523579189
-211.11993575451345
-148.82760773746276
-196.1582790298778
-124.90302971405981
-109.39340975474326
-143.93762956468268
-149.87918088066453
-206.76571747281275
-108.35438684887066
-19.292734345834162
-144.0839366323244
-85.1667637898046
-147.24626094904812
-120.89568741774693
-143.6772916358537
-17.99489754960871
-151.56621737032953
-110.68279640380916
-183.67464153491414
-142.34230593365174
-139.00263457606005
-163.2835384138374
-101.75810585026565
-127.28756261109305
-116.72883269650836
-163.4534587078091
-173.82923362608102
-143.99602592267587
-141.17098504994755
-97.93449337804094
-158.5834063051662
-135.42620414616493
11.094732579833106
-167.12765135938216
-165.97416422996133
-137.4730244776258
-134.56985642308186
-110.2450619303956
-136.90320852711963
-116.27922451174334
-81.60916942636558
-59.82454985684734
-137.69439707657057
-26.541119281035463
-126.47932724570515
-182.4486197085639
-16.171069997471335
-105.72743636987346
-100.64670582236238
-155.16631443194245
-143.6380039688566
-127.59775594740108
-127.1384625974274
-108.21998114016793
-115.8432131758374
-105.5353559666786
-109.50522343378663
-129.6751924105333
-135.6709688939351
-118.08422544400412
-154.07589894381366
-120.22272711858909
-139.39784910318983
-161.27149009867492
-126.07996802014176
-115.44229483037867
-109.92954938383767
-194.45588230170603
-125.70066392372269
-125.44245420105136
-142.41618162915015
-110.06448620284868
-163.7186430801459
-170.34869182609876
-157.9377054733508
-116.77205540996584
-107.70859266316307
-193.75084653898574
-149.90238842323697
-122.0202100520712
-151.3386657844445
-153.8547443614087
-144.93060300426174
-140.1386823940334
18.870327121651457
-127.35149576823329
-165.4008624312793
-150.78849478040146
-94.23793989648999
-136.89481544040916
-109.84150917736366
-112.69458308875775
-97.06225478658024
-114.80852389906661
-132.77240652166242
-143.06796193199972
-154.32167311454995
-150.2358168882327
-168.99545214495168
-171.6910262004239
-115.1718025542711
-148.00173712379836
-148.42155659317453
-113.26633069365002
-136.09658406313977
-148.2480925167581
-106.02717056857836
-134.7320126155288
-145.86087582390334
-126.73874945839592
-121.34470541539142
-111.0151095889741
-76.98854645506654
-107.99253319798692
-152.2578499769872
-119.38329506718293
-180.43711733361266
-159.89814181183215
-107.88547335683722
-114.0876269635578
-145.94561593808774
-116.14689010354385
-112.55586955531737
-160.42504236342668
-161.7124513862527
-122.64964429256739
-124.69310048710852
-160.73553429021814
-164.22769562661384
-112.82826471104846
-135.72177107873182
-135.7985296370518
-141.5567529803967
-189.08509118011062
-135.85810820198793
-163.40323443603683
-133.5675507688974
-145.19939615926586
-152.0495751216244
-152.24440447431095
-124.29518793468719
-131.72590062925426
-116.47337802265943
-144.52596054555855
-171.8621606447735
-137.28711304358538
-128.83914499002051
-140.42701419138564
-200.1083177739707
-128.14980224505516
-150.28791147966027
-200.2912123812523
-116.84556181653869
-142.7940571529496
-164.00827369473336
-155.4198813434369
-12.905877724723837
-119.6139083965073
-148.5806629314285
-97.50883670562109
-126.69724548701703
-136.55190597407628
-86.62330872923835
-140.09920123062045
-106.99800831843285
-199.32126742542007
-184.18079730254993
5.26966218606951
-134.82169514580593
-103.52518583635313
-147.68856101174902
-87.97352582309418
-128.5361894431277
-113.2508924157396
-156.7081917007741
-138.4190484594208
-123.68562651935372
-121.62713669412153
-135.63159680285133
-126.17527700071102
-113.33417475262323
-99.1412895221994
-175.15920608726827
-142.24996005739766
-121.60498150428239
-156.1508634171361
-183.69645597545554
-110.39584254211542
-146.2944488911387
-148.75134397714305
-140.8052247578351
-135.79080283015327
20.11261239760077
-94.74636238248925
-129.223546348698
-134.73656139330987
-138.76928682847299
-124.35171954947728
-2.046136136119827
-142.70334048508906
-119.38574231526209
-160.41100744592094
-123.73219158090845
-182.06533953516828
-168.87438601398776
-107.49255332807186
-201.25067863291957
-159.82035459670007
6.820501803724909
-128.98528575679205
-150.06330821970485
-146.46873002425588
-151.39861356774512
17.495525617708964
-293.71915384417014
-144.0029619628442
-148.55483537915265
-121.70834454951418
-102.2753268360189
-116.13948616329643
31.029516810412986
-182.63797923785148
-130.35645456580878
-156.46011171104354
-127.43199724110067
-159.47468942986893
-122.69288654297719
-172.66402182686508
-152.0600421758496
-158.81726641379333
-127.6063367417581
10.070076243375496
-144.23670895156556
-151.30904268582879
-97.46338298336786
-116.14393420503103
-114.28450002507688
-152.21465773401107
-111.45243076310342
-140.8645145811154
-156.49492414406626
7.318775026584987
-102.46904612637482
-171.67002260147066
-89.00276220179029
-117.67031654136156
-131.7863514166599
-119.52309379058477
-108.88529709645445
-128.500350742029
-175.73374064386041
-195.04365047974767
-148.07797376501605
-151.3640227713261
-135.59861903455183
21.361618587457585
-136.61220012063595
-142.04412522244453
-35.855542283095076
-147.90596133050337
-166.8206647255467
-96.29871563969976
-147.71908729578985
-130.11265400068368
-150.87627748882988
-150.57511189375384
-110.2910804139978
-120.6988063324111
-136.3476435810959
-143.66243889000265
-142.75396846622726
-335.32215717699995
-120.24911632668349
11.654723095717472
-158.92178630769095
-151.12829551910318
-140.752074817445
-198.80855187149007
-162.478258826829
-123.599755195608
-168.46871623084925
-54.765592538211735
-165.84261219893372
-147.68399057521972
-89.26748787116017
-168.5321108464624
-138.2652900158769
-157.75050930706993
-170.78923312539845
-149.270278987633
-125.38525931672626
-99.75102925091716
-140.7599509320088
-163.84114602809225
-96.61968530049646
-167.4887046005024
-139.77735459843572
-125.09804065663971
-123.16595935147245
-98.24786615138032
-180.15775476576985
-104.39365865040554
-111.49707572675698
-138.03180209633928
-155.31603114969084
-65.58047052320231
-179.57071369235308
-150.54175413166422
-101.34068867209834
-120.97779552819318
-115.2367571335044
-127.49554280538212
-108.26590474920837
-143.44436441775918
-141.44804755420267
-129.418545246336
-116.6136330769481
-158.905013455604
-130.5611017634642
-123.50767212913595
-147.6545618168009
-11.875853195086194
-0.4003947733229438
-135.31394173552994
-109.40267236160412
-175.5020521451865
-132.40782803286996
-124.25438921614
-93.80103069577245
-115.09257614234826
-155.12086450236674
-129.4751036038118
-117.5419440407401
-194.55012706570398
-191.7674655061498
-157.94534599124242
-145.8815730307519
-120.32666560902669
-125.01289844896982
-131.2235914401981
-136.46751434336767
-141.79594844308406
-118.43840590356885
-190.21675428517517
-136.18005729059655
-144.28078143606217
-131.66241841861586
-143.07225128104048
-183.28883743469214
-148.95760617100188
-108.56311154523087
-33.78380037987702
14.35784210134355
-121.25899199828868
-163.26045070805952
-136.32468577048056
-109.60098244603464
-109.10203793845912
-135.8322776949995
-81.24454953112493
-137.43901179370954
-120.21711047751745
-191.8570038072874
-120.16242094922188
-111.73950375894194
-118.28241419282796
7.631373301229445
-129.08414920267145
-131.9948807671242
-131.8119582194743
-121.21622240943793
-86.17351862889271
-159.65414908072216
-89.28918227553746
-128.08663988214093
-124.6636436161449
-78.06654578200289
-138.6525554374364
-153.55467261834357
-136.6071800555649
-144.0275584557486
-143.6430067703493
-174.31685837384836
-108.38251189850865
-171.8498434931468
-160.78773182679788
-134.80629020327137
-133.21240073546412
-118.01932662203254
-158.28051386633177
-74.9027941004889
-120.75322407149727
-108.1342215578739
-138.0949036314051
-142.0786314191544
-96.57939187768449
