-519.0868907710167
-423.58875528131057
-208.97110416756968
-177.51953118682945
-39.61959645571614
-231.69438976375926
-480.90153746533446
-697.6988305997418
-413.1539801164948
-114.44430689419889
-202.56619843079488
-78.43817993468505
-244.67626978216248
-256.48917720395804
-89.76968116133568
-84.69673476665136
-206.36094363512137
-6.469577489766011
-166.59672717529565
-231.94910954016453
-273.8311722995599
-79.92420737890069
-245.79213164454012
-324.00037196613823
-341.53741719901797
-213.99142772963643
-291.4521504929736
-147.2910249025584
-313.9617062404062
-256.77206836441405
-181.07311913533704
-135.16441522312817
-243.9613974412277
-60.92007425320776
-68.72265019310358
55.943852576813796
-1.1685475552721698
-225.6882054308319
-56.432228262004806
-316.9751153336068
-117.23587959738609
-124.0452661207917
-223.07364765733456
-298.52575690228184
-265.59701467403295
-261.7556454649647
1.9559222561431826
-36.25940623131849
-115.61397445265355
-112.07715288400507
-118.53597098800881
-134.02918672684336
-141.0125563210841
-269.16005960605963
-311.5747203204511
-12.639011443284325
-168.5950699669151
-109.06267105844239
-189.77296442199616
-169.09102887193617
-15.019649087554118
-88.4606862829382
-45.8273194078787
156.27462760795862
-42.607969267091505
29.13111517148627
30.500409118528637
69.84202410719506
191.66593586780536
-63.197413560442214
10.205475376601314
236.16389928404155
-29.18014146011474
-90.31491118704545
-100.04592214513674
-68.18346483051295
-41.72474173340612
-53.984290856995
-99.969993651365
-21.18533251277348
-201.67964690919487
-271.38321052234994
-140.48190122005389
-44.318278655139395
131.12085580110977
-285.69472720714055
-149.6081892479327
-140.17367641236865
-117.3275618817884
168.89194955532037
-75.84766594165868
187.19968490414317
-114.61088288504993
-110.35232075252526
-160.7777082104717
-125.03638025645456
-33.51941477385559
-33.82147204732675
-95.65816682242412
-117.75642203698186
-137.89621684266353
152.66534616124915
123.83323829050015
-130.8488909183011
-159.20761662469477
26.889044545469524
248.9233278375134
-126.34227355407052
-169.55714877231182
-156.48141998825417
-140.16175092678714
-204.60013337005336
189.2989650008354
-78.08664313482403
-67.2909273431546
-38.987359603425524
-155.46445955498635
-163.94264919830727
-246.49792628649425
-166.42998696394324
-47.16251673892481
26.637437755342035
-161.19233203950085
-149.42186982731158
-205.28114480163066
-121.58765085004856
-137.60685871886676
-110.85072483186754
-122.453705684563
-127.98448377314037
-138.21797620952512
-149.91636216339873
-120.30040956773556
-132.54475499424592
-133.34554327601433
-111.1934106910749
-105.27254318986675
-135.9855190844008
-133.94547018452243
-108.22108697854604
-126.69575298084416
-139.31181784151752
-126.78952663770619
-82.24779764797051
-121.19819735704213
-105.52062329900058
-101.73387590465966
-113.22790288545339
-139.45982805482384
-117.04309323950096
-129.52442850604635
-112.25957568508973
-129.1445660243619
-116.5364365465687
-96.64514567077914
-90.07847429630328
-125.24806932429448
-111.34851649635455
-132.74301214586163
-149.21313892831114
-111.16969651055916
-89.50606654949303
-98.37281674684994
-112.80575543001235
-87.16056024940741
-114.35075072300253
-97.9269943581884
-121.6075613095423
-98.83806278512664
-130.76051305646143
-88.00126693585628
-113.73629320110781
-102.28176561487552
-86.27628871360844
-126.79409851999736
-116.26779976396588
-114.99096484915691
-109.61249149576528
-116.99753398906586
-107.18293456124869
-134.75463987418686
-108.63124090344526
-99.41219299952111
-119.61439542362578
-101.4678909673751
-108.74874572967354
-145.61548841018825
-120.61294902004119
-131.29471074810067
-136.01332233943336
-119.0269755980089
-146.7874265963506
-59.59807750384792
-140.06703252315143
-140.29177157066732
-129.2944377221801
-120.29923569122852
-103.4422509779702
-104.45388487259031
-117.27959081248264
-125.65244031638764
-106.52268583153027
-80.65020255357038
-117.92264362572053
-102.27545402534352
-284.45970704795377
-97.12612606789318
-144.37818335278865
-90.76184068683207
-90.74929432937061
-228.5329418279858
-245.78297633685276
-192.15766201446212
-230.82246896678814
-265.3876687250453
-167.489358716664
-200.61148989255585
-94.74523084677955
-182.7103505675709
-89.45611274235286
-90.3136022040017
-127.91127894651943
-70.96785638609487
-80.34357047398007
-129.8908081105904
-156.04722702709805
-78.26900986573989
-113.41265507332169
8.249567211037883
-24.07184462535618
140.18591888093061
-113.90755661818358
-41.28464614955737
-64.5113653363662
-139.2216763981781
-84.24133898895182
-185.0589289351001
-122.81475835562766
-70.08208963891288
-141.75288440965264
-58.16666246402401
-71.15481708075946
-250.4944638164505
136.30156960731986
-128.5139854682012
131.0359932030554
-111.52932931193843
-83.92697098914158
-54.27682087590004
-71.91572867778613
-98.36099197050841
-15.646414058419262
-104.07164370436784
-70.17795347346578
-69.38428004720231
-39.032518346073495
-171.466034982002
-122.23323651046586
-107.34811679818732
-182.5945351210193
-135.24564287440273
-128.23584212267235
-211.91521668397064
-168.63870120599506
-199.10544790007256
-120.11050989726621
234.507028888082
-62.952660650366006
-159.15536799573812
-118.4605350485198
-110.22836783990347
-122.87477581277813
-183.84367274319965
-326.28332431232354
-177.01031111840723
-106.95145675516308
-221.0886633948749
-270.44948050388734
-251.35893414920773
-159.7008812469646
-286.37495540558746
-205.8373995921667
-185.54506045745524
-203.42258338171212
-66.56156516648608
-311.905159629682
-177.92423092604267
-255.87630580428805
239.35385332531783
-130.7259779799216
-128.70873104895844
-150.61623904465748
-127.3661697500469
-197.45180053805305
-189.10086934730413
-138.2722397226661
-153.03724757888608
-254.3938099804096
-99.7436379032248
203.03012845055264
-167.40283215226125
-118.06061843231929
-246.558511282563
-111.88260097060942
-211.55624619620463
-125.64753534011773
-89.64228001013761
-117.3128913708995
15.094331196316162
-180.66554946626553
-177.8274950243574
-53.22592686060543
-48.006775259970816
107.62240855809038
-120.23395395219065
-5.773515240793106
-28.469976734696367
-86.022747045217
-62.51923119099799
-53.81916119495735
-81.63314985622893
-31.371199245045958
89.90842357618534
-163.61539207246557
-79.63469785412752
-259.10849831756275
-98.64474350621404
-24.925408036985672
182.01691207765884
-56.13460387642982
81.1084090709627
-134.21248460588149
32.57884600393214
222.06587424573127
-44.44192631448467
-10.750623574722132
-31.04428754522345
-298.64292533499696
-22.53198518407747
-90.41831048458887
-152.35836052912742
70.09871647628694
-135.4279299636626
-153.92894458823218
-123.1073555018889
-45.5919376836191
16.167634361032214
-10.792319632997334
41.587519685596504
-26.45705381818317
-25.1141824169015
66.90491720728082
6.34748849613155
-61.44257177987201
27.13709063822766
-58.802922051476905
169.68541824300567
-183.70338327493235
-231.3658057114513
-309.84135224751446
-129.1008807165318
-73.38578853889153
-185.42437359438696
5.556387408241989
-4.831646207017263
2.8457095584716967
-99.1131983439384
55.981482520900556
274.8660530969624
44.04597330124217
91.23603430272307
236.5734993529844
-86.1169491039989
-25.320537871730153
-81.881171183453
-99.57528520957948
23.36149278551288
-97.84780767672521
-66.39618711426031
-1.2883378390334457
11.919691264230167
165.45683532674752
-18.85859758344116
26.812656002116128
-127.27636985799295
-123.3780710899406
-109.80155369691582
37.09563403746864
-114.32929400435064
52.24938672792288
-267.7740270912102
-218.327252060337
-142.83445966328028
34.68898918445649
-200.50748822523917
-180.87628525555374
70.9724683273877
-162.68590800043827
-88.21757632416406
-147.37546545170403
-96.1007826603731
-98.10873717959107
187.22875125210993
53.295012306549104
-20.790921467633453
-134.78209420189324
-123.40524468420676
30.255786025993416
125.92176762175217
63.42703586925433
-20.751038385329466
-102.66501991860305
-79.94525904841241
-71.50156777105894
-110.48768176431311
-152.862701505286
-96.80133307452815
-43.22858606094015
-19.63471106946183
-205.02303897286646
-86.87966234826789
-65.40644220943246
-55.91012098299583
-45.849480307636796
-14.685195029514187
-39.30220446927572
33.09234145635523
37.059252274793835
14.765127938048494
25.797941012833277
181.46957355599957
128.07013665303225
-7.257588055747959
-28.904164957368835
140.1121567203044
-22.0859904947947
-104.87409183310344
-120.16802561318735
-96.62848313005118
-5.322252312555397
228.1116415919023
5.426818234141505
-18.2726704276409
-112.65391229515855
-72.23873492138203
-5.806131806279916
172.95808169967623
-9.222290356943901
62.27532229694104
-4.4186672198110415
158.93892635275463
-94.84158913319084
-30.011866707043794
38.37143141103235
-58.08219517753406
177.92197823015994
85.54006105456276
171.8408995755234
-116.91398477218344
145.90565315801064
138.1752394188768
196.26227793558726
214.63997657310625
-126.70144095780186
82.67853579324017
100.88751293523288
-117.39565870776539
0.5897208848145254
-30.595404590216603
-134.66953763371123
-145.18497613677428
-207.779811427644
-225.66146622736434
-389.4061354542945
-424.0130009964615
-196.820937349646
-237.89662372625062
-206.82999041893262
-249.4192831735835
-173.274455746944
-296.9030809217835
-57.123711107478364
-158.46915673291517
-92.11758286054535
-145.21844982661594
-88.6803227410773
-75.74042409724257
-74.56933807918857
-56.36002295189538
156.2146864326765
-44.21257501705638
-88.42073482393423
-15.565342390423151
-16.659477449348753
-163.2293324108161
-207.02630208133394
-358.1831506580938
-436.37858115442555
-549.6722351890139
-207.79285667581118
-353.8946885834828
-268.7424148321326
-188.64470734067945
-213.4741709588909
-188.91700582370288
-139.67924500074557
-88.4066667781178
-236.17607966113664
161.69011325009734
197.66821251618484
63.27581293162294
-85.9433637782067
140.69127845118877
185.68098471331928
25.89749599105665
251.52218639880397
-7.41059625377909
136.20515014937808
132.95370369064142
-60.24512991986798
246.06242514190416
25.9932269226627
-80.27737566660495
-239.97167509081143
254.3033873514454
49.81914567415208
135.66478591054383
-124.93066809368743
-109.17721800287734
29.50126105297144
-59.84511395942268
-111.97655287265759
28.99060609055681
-45.379561698360746
-69.81359756722615
-84.87605488867617
-163.49388818362888
-211.75398155456543
-119.9480258169839
-87.49768357089884
-145.23389306674534
-183.2406506709001
-176.324282078269
-138.2669946872921
127.10525412006237
124.9964014858383
124.00284775788765
11.321986423577584
30.316520793414952
31.524295720364535
213.88150170060857
-92.73357915014871
94.0691858108316
-48.09863443652825
-100.16358694315151
-29.21706771852584
93.3486803292038
-74.5354566327924
-100.31076809557459
45.24874543964194
-43.17233802173834
-126.47690307078702
-176.29049102563414
-83.82986331806104
-223.43755465060792
-232.17269130988143
-142.58312273362017
-235.53390728837618
-213.69665347047012
-166.70182371536924
-110.50762294990768
-118.83329769525949
-141.31609746652984
-235.73244735559115
-223.1795170143537
-200.02475513464873
-329.7361314957485
-336.1410118375276
-350.63539757261265
-124.78764848921921
-92.2501115269051
-158.99377844097734
-39.08226135759098
-109.11862630259056
-127.82227134985794
-64.65926054891003
-4.8164777097447455
22.91917401287371
-139.88269967705565
-34.5715115171376
5.6064530116365034
-103.32593019054772
-32.70118252192013
-44.464925410355136
-188.47996050644514
-135.6970218219554
-191.75677555835404
-68.22255336071433
-59.41519799626351
-67.26439929824906
44.67184891322022
-64.80970719003464
-62.56237394754196
-119.7774306724677
-265.132153998094
-130.10957072600877
190.51343386732935
-71.16785736369403
137.70728010711494
-62.61464347506546
29.898225503066215
170.55012195091857
95.95108648433079
-120.55513412445143
185.03159004875187
160.83428113041305
-17.832894405830345
189.14219606501456
-31.85314983690222
-70.95030406889386
49.55124382876065
93.67568336545403
-105.74665017405688
24.97210361298866
-27.454397148702085
-158.90341835376145
-89.30645582945193
-259.44627439370873
-61.44173821424531
-31.6142342966302
-14.940903422570223
-54.47657498172715
284.06897627031
-119.72124893022801
-112.91849399538171
-8.266383319690808
-12.95049457257528
23.796028940715075
-86.13645588293785
39.29441132894112
-94.79137032396193
221.40757834709513
23.485894413686225
-44.40163995326312
-12.05996666313581
121.57580459362103
-90.7258789420935
142.4351832515129
203.11396251852176
-44.69280375061085
178.79252470945067
67.69710490288503
-98.90135229786307
80.53243466769655
-167.71031076248707
156.57204906437352
180.06151769860327
33.81788839433458
-181.70053234330035
-92.53426134813105
-33.905936693364126
-104.93595014818425
45.9597857281974
160.83347005530982
221.62222005957295
24.99485668429739
11.465716215039564
-23.594316331535566
18.171596513984582
-16.871732956344843
138.60425805800995
280.08897758158105
37.582849603876156
-42.76014382940887
8.911784760522295
-41.08587626066778
-52.74098655947627
-60.08501224078044
-46.09402703162888
-48.645183532041
-84.65261772341879
-103.05803132542694
-208.10831914330316
-99.48453612413623
3.2675724722784594
-157.7244219570363
6.9647370100310155
-177.9254892476106
-92.45047691975881
-69.83374948324928
-141.08179648174067
-165.49353189681028
-80.25952231740297
59.40703381687044
69.4607889008181
51.7818794243733
13.844908246876145
-100.1270410451822
12.873172183381158
10.137797344454441
-15.49847023413301
-2.403950564577258
-73.00251356434039
-95.8234400629394
39.94211371929899
-20.95105444156664
-109.79866482213109
-77.45835021599633
-64.91663925783986
-37.40802617833341
34.32292440021041
-6.903328657179642
37.208065460009465
-40.831499111752876
-69.72092248651143
-99.695282447014
11.346279388895809
-125.7816645306933
22.246027645406855
155.06279829488705
37.29008454262623
-36.59485440471781
-68.16960635338475
20.64190159569293
-5.478833516215218
41.564415184878726
-10.194218515497283
4.222056526978605
31.49813429601346
-146.27918778991295
-3.2684118412228145
-42.33066686744518
-68.01578678002467
-37.886285007935754
85.2900224950111
-2.8119758597720734
64.32538683491984
11.633027845490119
-42.88226723948329
-25.590114057588636
-8.524472465352929
2.5818979940091964
10.934080768369256
-39.065281512379286
-22.61721660682595
-41.41262273895881
142.312641705307
-53.061876428802854
-4.51602716384096
220.95167054739767
-41.1856691326252
20.89083280215047
-47.92687889760107
-36.86518876648097
230.0645076486201
-74.30208686784925
-95.77997561040299
-30.948771862662042
-103.73090721847574
-139.00555394181075
205.69794917668594
169.90319929707428
-113.51843751947693
-112.09040360963786
-144.32971444680283
-107.24374184183458
38.52654464032429
29.018515553016698
-64.43364444907124
-57.45495994427105
241.86805491056236
-137.00888946447134
-132.07254689571081
107.4527733966907
-192.98184125595407
0.06857650921031677
-181.44706443897496
153.9974348489149
-47.411444856113164
204.73113474409163
-20.074309148337065
-143.6890346494862
-11.739534008540842
-174.75282572210617
-290.28622892537715
1.4561750980726629
2.0982774324213977
-135.6562742781646
8.573075599878365
-93.9376811920804
-137.27039374664645
19.06272517900169
-94.10938084916613
-52.03756991926611
47.34292856468858
-51.103666807811905
36.11973765129563
159.89662194092662
-123.19816403008802
12.80725088336736
-313.5938920762851
189.87783232165162
-174.3233380604404
-215.99929815845354
260.43041035339786
-281.3183399717673
-161.48389231992832
-95.84103902030233
260.4886512980126
-178.4811746800724
-65.42985199719055
-199.50975264201895
-201.21245583610715
-222.2866123318412
169.2641898460159
-156.18170954793044
-73.88324166065382
-142.6682433785413
-26.404408650917844
-22.632699795086083
-135.77407807045824
-125.25169662962871
46.06610775755456
-157.52953514127034
-211.8285604977994
-188.04994212671735
234.92409919323595
-169.78514301373508
-43.25920255199544
12.812959957484352
-160.79224124785594
-170.42420518653472
55.95059832187076
-134.64385967651347
209.3274677545789
-106.52069491701033
-129.3409196092498
115.92956368509451
37.24798688587834
-177.86592556265657
-38.40057339969263
10.625048563149647
1.7016579631979807
82.16506487466026
-116.34461299703459
56.57388267808065
12.635350176967037
40.108201375298734
-47.12430572275336
299.52385215155834
-124.04401049323702
-136.87004989521105
-109.51712917297534
167.38179121312453
145.49971089388904
-63.53131117621004
-18.763003625487997
-115.72449435911484
295.1807800001905
-152.2835585774111
189.80065477578245
136.41698556246382
-15.402670371434809
72.36610507343454
-311.0237836936892
-351.0479990869249
-306.63115139604906
214.47924363983458
4.191312373573965
-261.5968270146891
-112.75019934375663
31.423494677880768
-152.44406839408626
-239.3600244271934
-300.9147973103904
-150.205752308021
-346.4222942644735
-289.5967116550734
-201.4652863365635
-178.67583118897892
-181.69383808579187
255.65308047140047
-120.84410071683351
-168.98658785654655
-189.82699113288504
-191.30024850196128
-146.70687589937907
134.62199826969857
-127.2608050151989
-0.7082488271110918
-136.27552013107754
-113.25462655187903
-54.68954567098722
-165.58363150516044
233.81873956705297
-102.94850584053466
-100.96926974087322
-106.30802641040788
203.44700847481045
22.309772051240316
208.51020485758545
-26.52915460102793
-149.98966631067702
-62.37563141187078
-147.41768585082397
-170.45838569993833
240.70535279575384
-113.31803891680438
-113.79074119790285
-111.8879508137267
-28.705741075201157
-36.693678819708786
52.946527720280386
-109.35159918626937
-4.974121480205099
-27.56299013098524
-139.75348133653486
-82.01742381127255
22.758344710938218
-33.584283882231176
10.535577883496657
-59.14104876686922
-50.13269908271397
-50.7697250555568
12.781347479244161
-135.11337988829501
122.41686908756387
-88.55318026779965
-98.62443759938749
257.5078997954606
65.16191588677665
-55.420981197477815
40.52025837881564
-31.68188863406831
-100.36373902890433
-103.01967262554
33.84036180915405
-34.07602776871617
19.38024824356461
11.873656005404527
16.474262669552203
36.522560957661426
-15.93424030099922
-65.32229754883758
-23.992058148428878
-26.46711922128437
71.97179599190244
24.165423643334805
-50.79143983974289
30.62131591564099
-137.86603242089723
-165.31370579022925
29.201479849479842
-118.4195369346727
8.986624693909903
-24.908819638444978
-53.80354739206342
58.900562983157926
-138.449038260081
-26.05427529321354
-74.12120011990092
85.68006182150027
-77.0366968055805
-88.44790928640367
-50.45288252838828
-67.55048359774061
-15.371339609835806
83.5300620684288
93.35410950034884
20.83114235514185
-60.982202840896015
-7.282618756843874
-23.455441395826522
42.76887320364193
13.803161253362447
-49.2773710499015
11.489949069143208
-14.520116846022404
-1.8415834673479736
138.64795091154392
70.54939732721483
7.760683219751182
69.01877904196331
140.3873816472553
21.957394658087807
-18.347188321238065
10.062825565883529
3.5198789947650226
74.49949074993596
25.98179150844615
33.85008851478344
-32.70444259871431
242.75683522481046
-18.303363315097783
123.0725287068219
-25.677871149339538
68.8508119044432
217.55971731663357
-177.41919602452464
-70.36044934560292
