-409.33869578709295
-347.895114658541
-120.36892696470923
-513.122982266762
-156.27434132529822
-400.35341298831946
-362.8181740313053
-570.5728605694277
-251.46672351021698
-310.48086086403174
-265.58895987382687
-156.12583011019422
-197.5579947085851
-163.70388680193713
-193.71767225273499
-167.5941899157927
-75.20764199476554
-181.02198891350218
-266.8537209048751
-254.66589437289306
-166.18353268624304
-47.219284335477134
-287.7176610494222
1.180629782013014
-46.65305701380804
-181.00730950453067
-321.9307080247006
-190.17044076759422
56.1023932038176
-185.62802158728874
-32.61722429541521
-90.9300677149906
-16.51932339597647
-205.21001033088237
-132.269969758551
-189.05834282010758
-186.15345183806488
-31.772617111120184
-77.48753154366345
-228.06554458761673
-189.83058784622398
-96.39406419585289
-213.56690930510973
-212.26886977294694
-199.26947561269873
16.225972392257752
-196.92329636634662
-34.279389898971566
-170.44279861377092
-8.672495792289828
229.6981746218116
-27.195229996349397
-42.52726340685439
-164.62605896215865
194.08356761801164
-158.70794801449307
16.562208015783213
-35.14022382749468
114.9155731799419
25.980962907295137
-177.5234812847376
-165.72707680688254
-49.55852724765306
63.00516063044505
-188.1871429795128
-158.41415651450956
-266.0212579031151
63.096002332703115
-184.13886289697368
-147.9097106766577
50.96679505721506
-164.8787998235174
-187.41133831705338
-218.7552547982611
-171.18300560399263
115.58835624407409
-138.3838024755035
-66.7366665806056
201.45010578432175
-114.75948540490838
7.282515547948135
23.049736756430093
-198.94828406182538
-67.89002777046514
221.04038988423753
67.83495375056432
13.911431751569694
-150.05379605930173
-2.791812737344898
27.307965920857214
-194.44840978107655
-14.961028539246612
45.99930788394494
30.84405741466253
169.56642957096116
42.945698617357465
147.0738221030707
-15.878941975949687
226.6586491069649
-40.44249362501313
103.1831724119242
30.5026472498009
-11.444352063075357
-31.887491358181833
198.2945964422432
-95.50598827121412
49.77423128849679
-159.01692876131722
-39.12473741366349
-14.310971426076485
-120.28174822668001
29.998176285413848
-137.72564251728414
-162.49069495960504
-79.01907808210755
-149.36553580389375
218.70584635164766
-135.35110474351458
-276.7358668707175
-0.5346991563768171
-4.741168396897436
130.90577436381096
-15.64862740523344
-5.218547121652165
-168.9472530466722
-35.63761440314342
-14.983909578329744
132.34422944419887
153.42201687247962
117.57476831787709
-51.55219536214356
-32.38927232643505
173.10985229764012
41.255890662359135
115.94446608495142
216.98907559774784
-12.882504899790277
63.67944356411447
-25.513037123876444
129.08849712620065
133.92666128358664
-47.400031053132565
-27.871802109185012
153.4765857230423
-63.29292878435841
-7.625353716615734
-128.1717390566415
-98.10459104215029
30.914209011747914
-275.54388662810294
137.88999246990184
-130.9070141327567
-107.77796167071831
48.60510690573959
-72.09982805849302
202.96942930822138
-23.446863299223992
-18.618832437313785
166.53964952273128
59.568574397558564
10.284718885550774
-23.32638444447304
-118.3970419305343
-12.349656798478847
136.4756679413824
-161.91932429171135
61.866340299422944
154.17620491343516
176.17711769734046
-6.825124466781887
-108.23694127037311
167.76615488325703
-93.22957047552403
150.087772276741
-112.5553697938157
86.35778205624818
33.00041185277402
116.03431901504952
0.7099621214707525
-107.1080901705974
112.72233294084313
223.01524552400105
17.007359423581196
-165.36165248960975
-54.3754390018493
105.95797434003634
-85.71171330220464
123.9776318850882
229.04933920306507
-145.6020014263157
41.78066784539428
-34.60968920353724
-17.336717255344638
49.284235876037144
150.73390812422267
-108.49403061969501
-21.935571908359833
-73.60522881107006
-86.23792138984138
154.42244649972747
27.191870835915722
-49.07406307113679
-113.8864280913569
-81.45528511901676
-62.65887030588782
115.14988059323834
-77.75869957458052
-72.93680408740705
14.065004358903124
65.27836971551363
137.32033926448432
-108.65742649850178
110.7962588940947
-51.371715557232314
-94.32569862232776
-166.1307173421476
142.05824825627212
-84.78470674299577
-55.45558586602908
-101.16162886544817
-78.99536518258047
97.30502638240566
-46.98475591497775
113.33058050790041
15.968507656534944
191.31549431516146
-133.83122825381525
-84.57582535969816
-109.535421772761
-106.5065246818391
147.44491348519682
138.9231080395059
215.1988871113977
-26.02430912513286
-127.6622276462547
-189.51258726782385
-45.463248175924086
-73.18954927584997
-21.84561787347631
91.46348902418781
-21.189257727757635
124.93174850384257
195.6663590208163
-43.70286561917787
116.29397092258347
79.71384066844372
-1.588458497580263
-63.166653930252366
161.02485259407445
-134.7036100718073
-48.64119172399379
-78.24291539419515
-112.15034048474321
-124.37485879763042
-107.49320298663235
-68.95255799384088
-52.51662061240776
-95.71571813246044
-97.35717457305925
-105.36244369063917
-135.78410778538785
94.91919359488948
-2.1811089314466683
-31.04498339397263
162.9962373506425
-49.887760516193886
-1.4524463353975108
108.52047699797592
22.347245051938785
84.44895533547569
154.81903646172788
-92.89264427878035
217.56030236950363
-40.492554250273855
-56.937460044401845
210.36475082404968
-60.139947292531595
-86.73048152353591
-88.43342458436844
-20.283556897412538
-102.33143466654255
-101.66484610654453
-134.75779825594952
46.20912190486135
-82.36913135141296
-42.61721684168775
-14.608104352589251
-170.54941178646874
-39.84353434316579
11.639081348451333
-104.69797633793732
-35.559827990222274
-27.718219135659496
-111.53716391608533
192.1262699322138
19.475905290190333
-81.80252944697195
-251.2115899700415
-10.652331424331862
-35.50486712638485
-22.539389022887107
82.32706279340998
201.2132511144909
-140.87513039102498
-68.59049739942267
-61.738329851037676
87.25224439462038
-159.69437335922362
-51.6265015646228
-36.99137368730345
-9.09765543603531
4.207587457608156
-89.32701245431875
-168.24636386917192
223.07950230802874
0.4032927207593673
86.47572540740846
-58.75542201518904
-140.78816630599812
17.774911177151452
-88.44312681951128
-39.84322750300817
-31.83701459489191
-40.08853243969435
87.54453371559737
-76.03626469792363
-145.1129341803183
228.10647002147914
46.04079082105821
-44.62577051588119
-148.36796833658119
-140.67299429582138
-114.06732575767067
159.83839589248765
135.1774384582158
85.22445414379011
-94.71680202235498
-37.788166654104316
-209.80865413576066
-50.038038291309604
230.5408534192338
7.15973102741454
138.81076646054805
-141.80747315536468
145.16494391866885
-0.8988061849148323
-80.71227425892684
-182.28455478925503
211.52987427196797
82.27589752309021
40.81830559413433
-94.42809752766962
216.50719533311383
-0.6711691291678079
183.84934211448348
-107.6179001463886
-108.77152597385098
-150.60377988297688
-156.75890456405992
-20.420162202593122
-96.72418090814024
84.6467482765428
-302.8788752131713
-180.22939289895402
-175.63502522643648
-262.9923669829142
-49.77701367663446
-145.19373638384417
-259.8334191760528
226.0240635406866
202.60001284226013
-217.24318690752492
-182.08244885777975
35.20613907992478
-117.20891519672944
-106.47662482374679
181.64135855584067
129.3825968979989
-81.86560462400067
55.681712506655074
-85.34242329860808
219.84606787234532
-139.79127095415316
-129.13424109318103
124.19545816118037
-74.03141885126365
49.96961482633318
30.63074947981838
166.00325631631563
62.719598495146265
199.3983655474976
-46.218780098164075
-40.67511787498538
-31.713446508184553
6.2527029607718845
-17.455466045391518
-2.3462106844439434
39.40724369109998
-11.049277833393152
11.325174271369772
-54.04476557352035
-34.14821975807006
-17.388987294963552
43.17502470094152
-8.20220564859057
137.61293170132856
-8.915662826743528
205.94184354385698
-43.51228119426413
-63.58263275778609
-118.8481333412549
-74.76235645157732
-126.1678034229896
-29.493912538188496
230.52973223922638
120.57788702079444
-130.16552695694358
-70.73283496895162
-82.0635977034882
140.47673903205776
-138.95104856780418
-71.76177164173245
-121.0212679847672
-100.47390051653066
-99.41307641265865
-76.77018802010366
-109.2164814333062
-203.29357751212186
-140.9599621633426
-73.24224584079421
-114.51976499708431
153.20077789547557
-103.54307048310754
-129.55039098996835
-169.50363854728818
-177.2007180865183
-159.79881918395364
-205.56205918399334
-201.1523330648123
-190.68455596409672
-129.5065493303035
85.82450418975527
254.47141559508358
-235.26589440333012
-265.9340008111919
-14.371388874153276
-17.75503655407249
39.4041237080431
253.3184733320517
-19.256435828857292
-2.1354277910687918
-75.64415137535305
-19.130263129293752
-163.18406065676973
-11.902128238255006
-259.9953292608027
-254.8688396267923
-170.05851696392241
4.551103153768665
-137.79718858438397
-162.8850105507012
-23.232116383726424
6.61160082781808
4.521119135209574
-66.06070581894852
-174.0072539743243
121.22081067514091
56.21812016674181
-26.325019190168362
-58.70108879133831
-126.26036474396449
-57.411124938878444
-132.06512844627298
-120.81011587585695
239.48293580147435
-47.12363203159909
-49.0953824970126
-76.35193789712946
-61.76584551948072
117.87210198137015
-72.74310779711668
-39.16066418184454
-30.484515297692113
63.44855297989807
127.71599778557182
204.28995775550115
17.667579505660754
-1.175154279587531
24.116646256478482
68.34135952759546
206.2024251619131
81.49778229569901
125.38224474323253
88.31033734745512
61.01907198276642
18.0736438133394
-24.50361948910044
-127.60237942064278
194.83868739280024
-5.655217864461363
-9.278707237577635
-33.61841334457362
-141.63969225301994
-104.8262411846232
-145.4394258543002
15.987131915548005
-164.28060905874648
112.54072653225414
-33.4310512936007
-38.74140827707168
-33.598018765649556
137.848864769941
218.42286801592678
-55.0695969866157
0.6757080487419955
-8.213581781548399
-78.5736983457111
-19.135565277157397
46.2840793979584
1.6162250676939607
-111.00256655775534
106.62266247624316
69.81052449105783
-30.7985029354345
-17.710128582722092
-158.87879585522188
72.51958760493503
202.00701293904447
-102.64359794277266
-107.46588390632044
-19.33711152329562
136.6689531146507
85.45531438237256
34.4889747456492
-3.0219031302516584
82.6302714748708
-131.84239994953225
40.36875026046735
193.26448353080292
11.02559319296932
191.21808239287182
75.41795379024994
-88.99243788707096
14.973827478435666
26.315930986040442
-26.085136622813707
-22.820554653942295
-70.72936574840034
196.58449472410922
139.1752002114182
-77.02575399421598
60.753816405898505
209.2215469446016
2.802539750097395
-46.36253431892052
108.93866927524246
-142.93528883279603
221.107620431068
-75.69358479110895
-6.622596759071359
-97.75542320549695
254.7480322770705
123.58054168204337
208.4827025165559
-113.8264204610656
-43.82554460428112
-37.68192141003394
-184.8145280170801
-210.60017783078789
-126.10788583292849
-158.33416052772887
19.25677226867623
-2.300410672565479
-154.0407393278861
27.021072011623673
-34.83618823801446
-216.9237310264757
-257.95075463634294
-19.11877952110401
74.22655747257623
32.372920768632554
226.75918093209384
261.264487367194
-31.706921705696317
201.0219960974216
-131.3411936267351
217.67631376701556
-11.156412774090654
-35.31705262874915
70.23205077283149
-52.12398661291532
40.223820637797445
27.628262474363993
50.0499306925798
30.398794727816977
135.54321653989084
-39.82120355757834
29.674630165066276
-35.25133630718233
7.150893707329146
-26.230939803978558
-77.71181296084443
166.71755024126958
-121.99824948216727
224.79722547728733
-125.34692585794299
-1.1278730671164254
259.7890245976567
69.5271388054769
89.0138607055085
211.83860150119534
25.938623441740063
-177.38602174378926
222.73035134370798
-150.58641134084
-122.6489203212008
133.42514476272703
230.73837685479077
119.74775273421987
33.74592349530508
114.14116507427453
177.403928181673
-18.60407013338275
-115.97410317719272
-13.823858759231584
129.92470554488094
49.412630360662206
-36.25475311848743
45.31272208759029
98.72765561615209
-71.676710357337
-35.12743619127484
6.10674966721237
46.231164254456075
243.5422780908486
33.286896229997296
122.37109463227199
226.15234413437776
127.73234667281015
-1.4459624319536744
152.1742519922846
11.385997438447063
57.11510415526968
-55.249803993602434
-75.34200103697177
116.27178373489753
-30.344861688345176
125.16346008115815
69.22556705910476
40.64715222538689
26.283350571768153
-4.230999342491192
18.252578356478836
-81.40885225713012
30.60029242809361
-31.024925215607183
-48.87740553351916
34.57121330007337
38.40541796331229
141.2502816327893
33.13756919934251
181.7208498789547
21.85456659219118
23.7385793151237
124.92046242279561
18.419307774989875
-39.21017627270379
194.78061897090504
-44.14712789217564
138.13282308175653
-11.973964316001833
122.31313869558157
-2.4654650880256703
75.11355717628352
122.23428029920132
7.685522908367839
61.48714290404155
104.81900712033283
-75.99192567952073
-71.83597436605872
-17.31466731744798
-61.178893819766856
-19.148627686518136
224.96420508358298
70.93664342180405
-75.9542225426357
237.36545581340795
-23.844739348107836
7.557162569988279
-46.57579250459774
2.5857989620440884
45.17741601785295
12.883109809319834
-187.14357893141351
-73.69970658473129
10.94780180804274
-94.28913772897587
-17.906443668561167
-134.7577144209999
-5.2342601089427605
-12.949540356713513
39.64728508958132
-114.19017936982057
145.62170626355567
194.6121782398261
177.6885093160671
-70.17266245232967
-10.809884963663267
125.36547891806782
49.794099254603296
-51.18746545177306
-41.46705444405629
-9.89497863145084
-111.17446862029215
-11.301840378324087
15.748273455563194
35.678846439370886
14.193686255528903
33.86720994764485
121.53575622704014
10.189635915886257
-12.77818241738666
9.742359689738123
-43.507028290790835
-193.63741180879313
56.36004699158855
1.0815077505973818
-17.64234956695094
-62.15727042338876
27.377308239261424
38.966501096674904
214.89510285647322
104.23798810078917
40.09208287844531
5.003470968637316
6.251489964280282
1.4954559555412885
4.982713102702618
-8.315893978566933
176.02653754815117
204.3825111482646
182.41917565982175
-149.6976293753648
-206.8560707107555
-33.720423065603654
-3.9843128924954954
-139.05443307298088
-24.171215010582507
-13.360112697574962
-136.35582060090354
-101.39941137830995
69.19319689707447
24.868502062453558
-42.314985218530495
-11.217691049675379
-150.48626123695237
0.14812532323853111
1.6194946197740023
-37.241616753659514
-54.92839386757934
-0.6071143387241096
167.66881174199168
-80.7913964166702
18.408883609427207
100.12087681741025
-0.6756472241254272
-16.653580166968464
-10.453477060143385
9.886134863927012
-145.58022037539016
-56.255354450086614
-59.58546206434217
81.27747454583857
-254.1263860461631
-15.092900444068036
144.36021857601406
-70.34765900108746
-180.7364493690393
-52.7080987704564
-50.93064416066844
-96.38467269963016
-253.6837483420379
-258.38559126985257
-32.60762724984757
-295.26176952019375
17.379203632443335
-137.89879023323414
-300.1061043733411
-159.6558781970476
-232.88687335648274
-224.9759999124126
-189.78387742862128
-326.15051361821133
-43.40345266116475
-223.37743813124993
-222.6779345964593
-73.45175985291255
263.4851737267714
18.451239098595067
-132.23374169265563
-42.083612387916624
-72.5834106886741
3.713737172250916
-53.64419883837599
-136.91244818419077
91.8232231956617
30.452775822006572
-142.61732582786752
155.86846148791537
-57.79293264608127
-14.439932168735552
-174.13458508106316
-173.12551185997316
-141.10945821825328
-26.356322123453907
-120.06669986824048
3.319921563690329
228.40906834435543
-36.14696099239299
136.97870297425638
52.10653705998814
242.38834782221835
-68.5574358664644
95.98854410425344
-37.06345978059931
-43.27114127988273
-112.60573388049491
-34.896582463001266
-37.94050984858575
17.61982672862078
12.6215818666726
-132.18492506877948
182.79502948191288
-173.88967665551004
-9.43076633872009
-14.043903938499923
-32.19666853384169
14.010048744464285
-48.4529743075596
-142.383141221326
7.874023081314363
-0.16324797043724004
-104.28681683149469
-50.1955736174212
29.038060257360257
20.281927772275836
-15.758262010375574
50.24180088556761
-28.012984952255998
-31.986304010194996
-53.53671351937403
-0.29980375275805216
-144.0001810535942
-11.025218352239264
-18.293302204930797
171.56254944615725
-45.26118725278658
45.46131211908616
-24.767981042407726
123.82300162388445
-232.25305069361775
-13.965322775111616
-94.26596653515924
-231.37693640552686
15.46612020424817
-23.959970475524784
-34.320054099539135
-83.33244123543301
-67.85712470445341
31.69928449064047
-81.98299228191811
144.86802785119392
-70.55542425771758
-298.74719400201366
-339.77141786986397
-362.3399753612032
-309.1209916578263
109.22380374576593
58.71346562559546
-340.5290152930567
50.679297921868994
-45.15934018620257
7.525863990241163
-80.90974379977224
-240.413558431348
-33.76263682679706
-82.40322476744045
-27.69313823051982
207.71440017864757
115.28783906567017
-235.86362827100098
-45.03081134846222
-351.9238479609975
-4.131736640001094
-51.491996973315295
-158.88544092772761
20.056253859929456
34.66677688943307
15.661054831277951
-94.4134861133739
16.35510792585501
-51.91956115292302
58.06583494208272
-45.81114536837173
-47.27137933077625
-11.155193522998772
-122.54518083773968
-50.09156526606915
-62.27780635718429
-7.7751808030786265
-146.5209050942323
193.02066924202393
162.62314589507542
-100.31233561398459
-76.42787355223317
-63.90462375320162
236.9298327365183
13.448931351119755
15.87939616556858
-25.40141194866959
-43.68539609016713
-62.7662977833644
-154.81651697548241
-158.2123432547081
-104.01538112900714
-33.282568950765494
52.13865814891159
41.11121640348489
-52.07637262824828
-75.47026381291565
42.08685115836272
27.020552840116295
-44.59139305312896
-91.05477794128561
-60.98392212559823
-80.09348655395073
-109.46254678719386
-147.27921651710238
-54.207874599101075
-53.356175164860545
-36.176407288835144
117.1662735491627
-4.110492977024393
-5.392673559933968
40.97996562368991
231.27987272031456
-68.35928034944084
-15.116637427261125
139.97364610175046
-190.8943762219652
28.76267142885672
25.761820596240284
-73.66898683577921
-105.49672177889786
165.65732281392727
-87.30503468322871
-33.65202181619569
-128.47133740228423
-65.62251179118763
203.54859260406124
179.2705662191497
-10.316929596337943
77.58107038310519
1.1264159705154242
169.2097827550512
12.927553318031613
58.72494541531313
-71.39855550712092
-43.557600923732906
6.694473380150157
-15.626716662976051
79.1697501063787
159.68578498268823
91.42211993239005
14.552250239539944
20.31902784032185
-22.452632867231088
-46.714041197686164
-1.7470480442308371
-126.3126609971583
-27.471221896596546
-32.77849630256513
91.784552907894
28.87706395204981
-4.011808818456046
-42.41142690531897
75.4781095381519
9.93989390276964
78.94394283335481
-35.970492863390405
-5.035600438560408
-38.808119553761856
139.00123966135155
-55.35778730483615
66.27414255993409
59.455536331615605
28.608104857772446
-11.030927048711305
130.84763433274279
-4.643825856329002
