-286.2319840439168
-764.9217841328727
-688.2648276709199
-731.8503051098779
-626.9707263795987
-229.7281538546997
-301.3806797341979
-226.54201697214359
-252.23108497784816
-267.2114332456948
-395.38884168379815
-458.1997926812052
-260.29194532797544
-379.48752474237466
-303.36674365248876
-224.5187879797008
-342.6769446002465
-186.8075259636183
-540.1623255355483
-280.07144999389254
-200.74263376726685
-562.8511901527479
-207.26499309408916
-294.3448300395169
-231.22601444835567
-299.70260162384386
59.834797869502694
228.6233192979058
-239.36151959552546
-59.76746590790462
-56.956196490057
-225.95336396334187
-338.33063379192595
-98.47000346799109
-91.15257226281209
-68.73172443088028
-7.355425246411278
-138.31282407924533
-57.35544857132737
-230.2092539080681
-158.73210260043072
-209.18238747364978
-255.63732578185088
-6.879027640752508
-371.6607358122834
-96.94679777151421
-201.6155429689941
-186.69868645040083
-5.877070512477527
-233.02118742123193
-180.43664872237957
-147.20018394227327
-270.7682000592607
-38.65011295116719
-2.2915054651541915
-16.017369984980984
-213.24497331008797
-26.142388807772498
-3.711097988972025
-706.0623606480771
-142.47935713023566
-17.029710358085957
-239.660567070572
-163.45154354995725
-203.23151304290337
-103.78177830946554
-15.843228800091236
74.69169633528351
-1.5044903610830254
-212.4447604681192
-8.212958633126318
80.14734946374617
-200.6803411914598
117.69295546863208
-154.46222180884394
214.14681870676011
-67.23631796315698
-102.78748465822055
111.57745210214769
-41.67961811507418
-152.51114893033892
12.952499355229506
-162.36185833497953
-122.41828652560264
207.5223326234397
-58.797119297536085
257.03962205384875
-136.23058780619203
48.98200435996345
-1.9433804475867014
-10.311583227282586
195.05844040484666
-118.93638889784049
35.39951764949263
-4.329522165945703
25.290428697595203
-189.2016664631304
52.40301831078079
59.503666917989854
-40.21764040409866
60.140573782790625
49.21154147406298
-259.2180088332389
-192.52456356669555
-230.74378353106715
-199.44500434088263
294.1914167181168
-144.7239474327423
9.175534611421298
-201.5598931171019
-186.38531284449516
176.1642700448762
-34.15518704653216
294.53108812609673
-191.96537344772773
33.29998165928323
-2.389064227903482
-166.72458913271262
38.344420853486085
-167.32751724537357
-181.18847524789385
-169.0911032971994
-159.111388232755
23.16554669797471
36.508065435336924
264.5222887111959
24.702809465130525
48.363264455631366
31.886073439943175
-111.57035983226925
-23.029647892745622
199.72593755344786
69.73345745129761
252.36703514757656
30.937324289412867
42.81550306128527
-133.83766226737154
65.69202306436081
201.01762638232572
48.06936894121198
18.88944342138299
28.77907352239217
53.06997590998013
-45.814646798808454
71.52163961003406
-123.96793761238703
7.394380496130033
80.0164572709925
-19.928531203910836
272.6817979248453
153.27384135020867
216.28015784867551
9.215802178448925
104.7028961749499
315.67828918907963
-131.91583134701938
280.54460981741533
-26.51866915653251
43.985355609774956
95.72482441847836
75.04122498602688
131.89926482239832
-28.285516913616398
203.3274731258104
247.622213097828
154.83495250469238
-138.64131116559685
18.11370291355692
21.252855899132932
20.44608804402795
30.449729376974854
134.01828977848882
-142.5670189463304
50.92222322852042
311.8518629719323
96.16095841538345
-136.34209907357743
1.2836833315619636
261.95530963591773
-172.48012895896147
-84.0048919663147
-130.54042869377847
250.7092372152146
290.6879715700449
163.64770152772732
297.26079891123936
276.7531198450111
-119.22353522888864
7.8639274421515495
181.92484987281256
5.658500021278417
-181.74295853425332
172.16313095300953
106.96429728022846
57.70375421644743
-65.42081377691945
58.12543151305779
-75.20636327702022
78.75466251476045
-42.394604089590324
148.07526481499787
240.15807822273734
141.74244138924055
59.84236410870124
116.92155313361117
230.39624283828206
203.2167089501657
256.08633153231614
173.19378105697845
102.6444768403797
12.391586056890056
-64.58771994500589
-95.69185459261755
-137.0890196040182
50.80034854663112
-67.32628412337249
-98.83763606278353
23.884029843392288
-127.24798185682863
51.97225550439563
18.774771909650724
-9.30848950342829
60.01745622958631
40.055467293354596
-106.8832329366152
-44.70280299802853
76.10437822136544
59.37423239622955
72.85916135488631
-46.62680305138872
127.11107461729095
46.16116371462036
43.20556548669539
6.875354571855983
-25.13249512284989
106.3473896332905
276.48025868547836
-38.509010134838825
-97.46732120946493
-48.1588249323012
119.90660380058685
19.70776548845302
-65.11059784418373
98.47346554931107
314.9261993709479
67.51100689891007
-74.51587400073555
32.708084084883986
-113.17311004293222
72.62211830523272
264.46933209048836
238.35787089769198
248.20007439986435
136.38827943244902
118.10298455170609
252.07575695489132
103.08089117338318
98.96154218013058
-34.9762535706036
-83.97346847198801
65.33660694992159
147.85506420616096
23.624533940544765
9.851861065207547
-26.07493195019964
45.79907541750166
127.74772514282944
-104.90920785449455
101.77272637066673
41.34959887647607
88.88919530670627
244.8897040709633
35.887977239377214
39.0336758865339
30.25781515308462
50.9152902315234
42.80711897218056
45.4911419371641
92.68539825994033
18.71253494374764
31.25938388448917
7.69219541239266
-99.71074606978542
-0.09059599017293607
-153.50366523653292
233.61038326678673
-17.829212730646727
88.32078619276251
43.643150695140335
74.3364743138403
350.1818589521849
-20.294774892961495
33.77731669320423
52.93362647837379
82.35040042028146
49.154394141050474
22.82980491814813
106.64163277238453
4.268933515534581
26.01757028814132
93.88766944897598
-104.8402728420057
62.50785264155689
58.21500192615916
79.99069817479544
3.395514389283015
-152.6275294908815
69.00051625829073
34.80890557998318
192.92601813311046
92.49415956397269
85.38123893435565
31.78016028750791
-84.04498031097673
28.278529244649896
151.91858334891947
59.065088219931184
37.276081048764304
260.2735094307594
46.15892097382485
81.20576304872566
71.98152794440114
85.00732558618992
300.43430276464375
305.9350384623575
134.21836718187683
-39.72764557565456
-106.26731528429818
18.743253223944897
89.28703864523115
76.85661306510622
102.44690863780228
302.6876125559748
91.60640255842056
101.98671090947033
192.53508416683624
267.1873793266623
355.86001490392226
162.63845768687628
14.192060256013455
392.10095290106204
97.5663939896621
100.60835566526279
126.93811939782626
-53.48367937769055
180.36975608899783
308.6945940726706
251.7939894954742
45.2061870004751
14.870897650346862
118.56978103574052
-9.165781914359812
56.255822263613844
-29.441412190630363
132.7660116322079
25.63027735299932
63.01183987997996
159.4112154365696
-43.29082258690468
114.80376814157316
19.270705522326967
291.84283455083465
-10.818327124477072
-33.00685631656964
193.94447182709857
66.01261387887195
127.97512639540088
-52.15118608384201
183.46394383154504
288.9273254053603
156.7143130834321
113.86293263514247
27.583448074633097
-1.3935058483517153
67.20511590318591
391.49338306182904
154.42439236742086
163.1969457612587
51.249230543886114
170.65204607460475
209.8300848842216
94.60682151328125
252.3978001940908
-20.874681523154525
318.6409840759714
167.3021540103497
112.04648536399911
163.99908444862592
175.8120213410385
101.97045300251222
183.94675121088255
281.41588312139953
100.75471911111634
-21.367667881648803
44.07209564963326
-2.050715230988864
120.52553420789266
64.77561723758535
107.74382342966202
241.17006457450742
51.18589609343936
-105.70068556723612
98.01843967651624
-56.17982878230066
247.19690562242545
-53.973007137177916
79.58227242959025
-8.648250489194936
-20.567888189390846
77.98805415274937
235.79664668691746
-23.257570021017212
123.92757009910187
73.69099562218685
356.7696772628391
57.308628926421925
-166.00976342598113
123.61644037618913
73.635475069487
154.65593107332376
76.66400919348727
138.7220961251589
95.02021085476565
45.960843014789575
-21.329630315705444
68.37548093461186
-127.02553243245971
-29.145997077400352
75.3023856573765
136.96759183477369
146.63044277923956
150.8329343869304
231.14224725477897
333.0791229187845
100.826931214619
190.1141782938543
179.35698559843016
114.86858893649159
114.87430395853636
40.244084957436115
-30.673815282557243
138.50796121414677
140.8992879153263
148.89031057418876
63.94277954120967
-28.244903547303466
167.8815757111381
68.69237966290632
13.14015184548716
263.24457085101324
242.8071014590049
-20.438297684111358
35.73102371546933
6.740470503291014
137.90832258506782
-40.57468803851822
234.96739366262295
-28.668837965693072
308.81269026030816
112.75683698910495
106.6786748797008
-21.84683341913998
-34.116401542371946
355.77298038747307
300.6508068765972
277.15356879481504
100.31790804568423
182.51509476168707
17.96701856087416
101.10535240314194
82.7255618255432
166.77509055079608
112.2147763180688
73.05713544596615
155.4238200882636
111.28273021622222
170.0598250989931
90.0910628374852
234.4961357346568
273.6039887996832
336.8197671486026
53.27922636762954
354.80078920810035
-5.945158339216086
118.98241451383413
308.39219235112853
144.43632277261207
159.61361346680363
344.35472227891233
70.62750723454226
62.67703251147135
67.2597043691912
18.687850377184116
-17.343859349819997
41.692682267537165
50.945759974751255
140.5727039158235
53.10033957675158
47.597483518415444
182.26444134147567
163.07208465161227
179.4444000880109
166.5568908872884
-78.44860800613523
33.666505359040954
-53.96665120141401
162.61804085686208
16.612598827751157
39.80823918594443
150.65785850148038
207.26890217066008
75.58002222412232
179.939229719003
27.82850986094993
178.5060663968863
167.14925451592524
158.33731350321918
17.832716908995152
94.88083429381632
119.13352011673403
-3.714974942733029
22.131057144861238
215.1786346212589
10.945882771536503
151.70545422248148
129.70002585548468
144.13045088380596
99.33396699750588
109.90896732034217
163.23191463456936
131.64505007031772
168.2461099477761
149.6505933205562
95.90881269420885
104.78082766505246
156.2458575589618
266.9751927054058
144.30723431357498
351.86781703680185
143.81736303810996
128.0852483546464
52.594965384931804
21.753061051064847
96.05797658863371
6.4803204194160315
64.30601107119791
178.5857616241595
64.48285142188936
256.8157114691855
452.3022183735742
143.29386274687366
184.77326887356446
182.22706367417325
55.755946309141706
240.60280728595683
161.51406678723083
364.21669422152144
152.33368021758363
331.13275709618785
113.06123829600062
250.22673522692426
38.169152276569584
288.0119213309395
366.7211115279388
268.4011327077297
85.97866544685095
152.2859024456377
73.6557375807316
249.48256559630676
49.678425650623176
87.64362303602314
-16.998899113618858
65.99752026364621
-14.31900452382408
5.0771008329599425
69.36131724032815
-2.7223957886237926
73.9706948951462
296.10743399886974
-37.64136694045841
29.154154490710866
141.58004188474413
-15.672601480679731
29.88964268583521
31.653200885517293
35.904795717208984
78.04919244702616
297.26513451501484
82.84555009754138
-0.269439477315359
126.21102524082448
71.66142999011765
70.79979938926405
8.092087609463569
26.986037507325385
141.95347129768723
156.23769441918748
424.4668313159275
260.2737329108692
104.56432680934779
74.37329982228164
68.51451402740031
35.864277718410236
-1.494799772396341
41.181351838768535
309.14127584000084
56.305753229333106
56.51145245664108
-17.82560126728473
77.9556690440127
6.802473061594938
158.6465746098214
35.78282005913283
173.61972041531345
312.4225638750009
81.61943881387539
190.71987499437685
55.54880636242727
85.19223185583562
47.23144762407378
219.46258447847626
47.333369735544906
23.95568408305867
432.6197661327648
69.59143060874975
399.0484953136404
21.4612476227231
114.6622323494419
46.53702052356444
216.78616307108854
428.98673436829364
57.64729528144113
49.720751862742674
164.94687139229458
70.89113368040132
21.963276270869116
210.70727914597478
39.326534714113635
27.3183012131919
68.52131508149213
44.08450123388664
311.7337266299044
283.05352779535457
296.5841385206633
34.48411777270359
54.855039106947295
217.64484554620188
-5.9258437134880495
99.26017003237419
291.46945521502414
17.617851351212437
22.21095529743951
21.78223100965424
171.4787755035856
16.561103733913242
18.6296404532185
50.181212310937376
15.193797990116124
64.08107009255741
388.55543652274747
71.48526301941766
-8.416290319719721
14.600292554537639
199.22672386228786
345.70261288158497
38.09912562451923
4.485161704609958
57.40670341134615
13.32196460617213
17.429611445949647
19.023299100117484
67.46669944066008
73.72084901150978
15.241050303722695
24.136867557487776
45.421327198174026
86.36500300101075
319.8037720657163
61.48605324384569
324.5220690538147
197.1170859004856
51.278830247821425
96.12279033774809
65.10083149913463
81.43555402017124
82.2782142333725
88.14283580329854
12.21531479347535
106.43438052512525
103.83650058228011
359.1791260699334
261.11574229825425
221.52837611275046
198.08471993282103
164.1333654270553
132.2683082116693
293.8532787068666
107.49939370461388
107.761198530625
352.8946298326395
43.79002730859938
349.18319593580986
99.00459213234605
332.0161031307017
86.07392948013731
85.54486006781093
214.48120779696453
227.87880623738693
113.77220333963456
109.37525196376022
93.7067841144439
150.06645638987007
47.843470594392805
376.8842575567743
95.62672573855896
344.6269476495937
149.96848002662477
430.77338767964704
99.80912571323495
313.0126182831071
107.17220824804643
83.32991859734358
63.987732240335674
32.139416045107
8.92821914934568
109.41982991895654
116.45935996897714
82.62974936357085
-198.22043792952837
-46.241728094653084
137.25951127026389
132.27085021353992
107.21220296580012
61.86765034545541
75.06340060974017
79.34114682055554
77.99912577008087
13.933321869996043
124.41211193525209
120.32967278273868
120.75224623957865
204.45624578511223
45.45895826539568
13.144564335093065
-21.090368075530847
71.71567827401398
122.38867803458174
-25.587995176815937
31.37636917266076
-24.972803954521964
170.88543498387423
336.2706649836165
32.181262451080016
165.5955444434786
61.941007223227714
108.06901070713879
162.75274612236498
87.95089673321101
-22.399444665375356
299.95008524156145
61.970208944036344
93.49656499491465
293.01824029392117
211.7247364416932
170.8961751340243
-5.938607467630149
116.21455470244146
293.38011763380473
1.5446559360377705
40.769604990375555
75.25709992523218
335.8353997400066
63.66984345170529
141.4874566933258
215.09751280349627
-8.777961067291244
21.58027874529222
70.1065330554276
-172.480366768198
267.3499723324588
-55.72585282213825
-27.81095214777921
46.645017929251736
-299.1930139198663
86.87157769149377
43.54478768443846
85.99653567233975
154.90717147563507
44.49779645153474
32.13739473781811
376.4782619883745
371.0962670142129
35.93270474500393
386.5513846568082
217.62195232191692
134.1224799007146
156.80253737453017
29.50394635725685
387.1937721868703
-36.1003862478281
366.1022723784097
6.936390236917688
21.84402828280502
65.68509698766906
103.45338724835449
108.84545811174424
-39.54025704492492
31.73030873921752
108.00827310744545
131.4383051828018
31.472920742234365
-73.4239649431108
57.742352129212
98.09848601082211
150.76829391290292
206.71868164858594
73.59018023811434
32.407666010511164
296.9331736106343
65.10631279329522
260.7569933409557
-8.742458554542793
144.0996337484002
86.79904185029324
178.31144659016854
85.7249177181817
50.79363129730898
61.279189640074755
267.9525991609665
164.3847753053969
132.6033640482807
142.87348987056143
149.21851511924828
412.60307375721754
117.09976402353895
152.12170670902927
310.45010205756535
141.02879995963303
81.98607903119651
156.56306424680585
252.95637489316172
178.05793268169575
311.7254688483881
204.44716860929702
171.8287617924645
216.93296086382972
394.7127482898725
418.61476207516444
278.50348835157547
408.1419483869289
208.9274566539866
176.2324169899827
251.47672187856057
89.26397419255515
405.5149132597145
84.3718139020516
182.2333591634599
447.12012175381767
171.5659338825192
286.31949189704585
98.26687921991363
33.035073517348465
348.91221106615353
123.37790301358085
60.04431068110796
231.35266457961222
91.02644527492016
218.51774150674538
191.19367546514403
316.07431872900156
140.8705548002008
74.14516872975966
270.17648147212236
218.4197654849197
241.67230358880425
209.9552335225913
361.8280594337227
146.427061916264
121.26045000306817
105.85433668935056
109.29661109614838
212.40676154457464
175.6761733885384
137.0829826021812
75.56887464880279
6.779883562820984
129.38365617047745
-7.882709417408179
65.87161890925242
128.26294699286436
192.91109504488762
248.71492695911368
159.17349634231212
105.29615816780783
77.23596808957095
165.47880717519885
525.761899540963
95.37106805763992
154.61375309537323
263.09785196430806
178.43751952610214
182.55359881254205
63.317759450968715
152.2446434768695
306.1109584703928
371.37600802859276
266.4302527012682
257.4716008640437
200.03724463400292
406.0385815521695
132.09229915817474
119.70973937500125
290.43049557898667
218.08246057287923
238.19239862928038
230.2079936694907
231.05812045959985
127.07498550194933
130.3255000717013
105.38405355804015
241.43100026047836
126.71287742958418
327.72256882355845
222.28464224547332
77.92885207044431
70.66016949795548
114.43755200302672
18.817951860430853
147.4085424995591
210.3963328218913
187.74722347973577
119.8650781148404
50.889771768732345
170.52289044898754
-147.63927770858197
-210.30600799611636
-213.8939249964991
-150.0705636539284
-23.019439177845626
-0.8703483249874466
-4.72875127438104
80.1324506786633
142.7837635549839
36.329369342729365
108.40051728307809
178.23321535595602
211.31288718099165
234.74505593675067
204.67365281020267
200.6169405717618
84.01491722993364
132.2783922085091
74.20637782325167
125.46704089184684
158.75762221350388
179.5268597469742
116.67354198563328
220.64965379238717
227.1349682440345
325.20615778982494
218.85689489162633
292.5339087619626
509.5065862939428
156.70011501487795
66.05746544607757
122.11263529530657
184.3424022807767
100.8138178695389
126.77973076592032
78.45104687225333
277.42706824396976
152.97461525455952
88.16506270902468
80.38417175358711
245.48406489609465
117.04221166581209
78.23365355282833
267.926632915443
103.56815261802097
256.9837384373411
240.21691814377928
221.5647438476064
95.93420090698373
-54.039068756688835
-15.728074576690915
-65.99971315598526
3.6656517051970496
-104.1651590533699
-120.94194999034153
462.63120385558375
468.66881246222295
300.3434191623194
3.513756113251887
88.48311469239789
82.33973354870369
54.955613759317885
274.0170782665779
90.10239980424254
247.24868605650872
61.1793151607401
