-549.9996282045996
-1883.8018177820625
-1000
-779.3942143391282
-568.5412458445257
-622.527106831967
-871.3644303373745
-578.7349551468836
-790.2076870145999
-1367.7964589180121
-646.3532822439475
-677.7840378430783
-1823.2098199226396
-1337.731293601879
-588.7945669333376
-557.4000216628674
-614.5303977524915
-1069.7090279886625
-403.41232599780227
-449.07731274515066
-690.8472278775387
-547.022836938598
-575.3780028470917
-410.3579579142781
-574.2000904741438
-662.4372756464345
-555.7962931721165
-659.6052425119253
-415.1984113782174
-1120.376696187861
-1226.9127634272593
-1000
-754.7395194707726
-1000
-1141.1953045941455
-495.63477156091864
-594.8281943511183
-656.7669299560662
-583.5487123593166
-611.1983866739896
-730.166767843315
-412.96958882253637
-1623.3947076418926
-829.801227467518
-402.8116106778137
-558.4060700825453
-463.0258703296878
-593.0560363450466
-1277.879868964412
-497.0767871868575
-712.7421893575811
-583.3221287027484
-477.2583835274271
-1369.7974335893593
-1155.9607258328656
-821.3155362120921
-439.7419860177359
-1161.1608816845326
-739.2485865178156
-1410.765667203949
-1905.9804815008144
-362.83879158095476
-491.8474192499633
-1000
-750.1393337392176
-519.8508217319613
-458.64356075778795
-943.4134648265509
-624.1528309190909
-755.2883794137779
-596.6303042381513
-684.9226873452111
-627.4755468437603
-1462.6997382085142
-623.1936420231089
-1000
-432.73009783567954
-646.0418801584487
-809.8563978649709
-426.6783935448476
-594.4713235751791
-731.5368154041296
-893.7564540276404
-617.4702955916085
-527.523773331782
-1651.1472140475296
-645.1504619294309
-457.28310843057574
-419.2289351320979
-1000
-1005.9420346103277
-553.8041124681557
-656.1505560000174
-1000
-516.2137831060345
-517.6192187276863
-419.5040288469228
-1206.353426690245
-594.8920814891803
-647.2037086186386
-692.637493492091
-817.5259866961467
-649.9211416304701
-1000
-553.2906632663473
-463.8469446369158
-651.8276541711524
-461.2458751297277
-618.8335367278229
-618.4939106219897
-846.5265716266981
-587.1277902469803
-574.7700390407442
-503.54530312767037
-1040.9589556431315
-534.7649163056749
-1148.3473119881007
-737.5040823713701
-1153.6708428661616
-425.8555678849561
-1000
-924.0617775810581
-458.8379556137316
-583.6145550541792
-569.8854959171576
-667.1461055272683
-634.8551747311069
-1461.662702966221
-608.2253468512656
-707.5427381853087
-478.75231214296844
-461.747741995824
-741.526499949388
-662.1281078004229
-510.61428360849897
-507.47703079226295
-788.504537788326
-538.4810671325777
-638.0062157753646
-463.2709833014737
-666.1052527459036
-827.1036729521996
-1364.9882061241897
-1000
-840.1626878102907
-736.4599685262191
-1000
-590.8361232306175
-579.7242477077777
-539.1396300795232
-550.1692937911441
-617.7605057315247
-449.56563734785124
-387.67192307198195
-1938.4723743995457
-1133.095982772679
-941.169191014783
-491.2148362598535
-865.4690320650584
-567.0388669721559
-653.9688127695565
-1013.3179217384546
-1002.343028203343
-607.6240673600312
-717.582963634442
-763.4023235489387
-534.1330198023472
-661.3945161524957
-971.4738830882472
-791.749847094436
-745.9342890713727
-580.7130783741089
-501.33618757517377
-590.2006809749453
-480.88810350873325
-807.95274014014
-954.7844550676814
-900.4181132918541
-1000
-673.3611692201796
-547.9094699547074
-431.0543237801913
-1015.3986971006512
-891.3281617080827
-468.7979157459469
-466.2219851105922
-591.383982421684
-455.69108766757876
-592.7230748556701
-509.69920855872135
-539.8489254497434
-794.0645645814972
-735.4772023637098
-568.0969461203529
-552.5069131403825
-898.3536597100517
-607.7282582033376
-524.2752021874985
-876.1067052195791
-1898.4628179016227
-575.328254031587
-640.6919523894272
-564.7241296153431
-584.2279923031431
-657.4963570982763
-427.10639106613786
-833.8107732401043
-617.1875699053612
-496.76728185717457
-630.2763294951951
-1235.1892899308161
-711.375258790272
-1000
-746.582949382457
-1685.6715076282562
-540.9792127593313
-1328.3409954042206
-447.9947243521356
-543.9719920773473
-1114.0154110030428
-868.9155255413737
-390.6900086361942
-542.7316608161191
-663.6344082116722
-527.4917606477875
-482.6091855475498
-643.3679337113276
-1125.2023293614022
-608.5443042859142
-475.54533282931135
-411.76539350985803
-808.9098877038754
-757.3789923598597
-717.6230302225348
-510.6888296958968
-1854.494113819075
-507.6786040989761
-1206.461778627866
-1051.5524588638523
-934.1428937161213
-497.4781873307207
-1000
-1000
-933.1271711715094
-476.82672428674454
-732.7493490735412
-1510.3030697124145
-531.8395951294242
-610.0405387611552
-681.2124078268862
-576.0585573684955
-660.4552383582004
-609.4845785359848
-548.9205076682366
-579.0760367727862
-660.6085963113998
-1000
-895.5250023889723
-1000
-635.692576553062
-680.9325174243456
-570.7190268614295
-1060.4923797525503
-964.623909490126
-745.725935850222
-1020.0055293566128
-618.1143684842247
-1294.4991813846677
-994.6689346356221
-959.5029986831789
-611.6891403278901
-731.3832202102029
-1814.0031690293813
-691.8627927517832
-601.050747935579
-602.3342284846707
-962.2695524411309
-1097.4852652961285
-523.6179831030825
-1059.640767725802
-486.36810608579805
-479.74008181937444
-901.2581165753752
-550.4001653717144
-519.4025830912584
-491.30610261235967
-873.0194556662432
-453.8909343980838
-643.5527178173364
-432.4288428054133
-486.4415606626998
-519.0628858055246
-540.5029870930207
-477.90394593083096
-510.6553966954536
-539.188065880021
-499.5727222137797
-533.6545131773648
-896.7991920362256
-593.2463010206397
-738.6945136087274
-839.5002108391144
-1590.1319880923052
-676.030794735284
-474.4085277386615
-561.2360252447858
-676.1775289265554
-462.62387244949474
-564.012015278179
-869.3682434964014
-696.1734333217322
-1000
-646.2906824886362
-848.5319343893015
-1338.276549925123
-637.814636648003
-516.1447546131551
-525.9302283898837
-532.4674524243248
-475.8103865199093
-1204.7541914157962
-668.3260566297578
-919.7020573429492
-619.5951358346849
-830.0852077544009
-696.484359465954
-696.3503396312323
-418.4057619515021
-521.1391330984505
-1052.7155853429522
-714.6133317547105
-701.6331648086348
-1104.3520588211327
-1000.5780469851044
-524.4300542201308
-736.2262227135925
-453.1245921455132
-832.3777415795439
-408.85482831495983
-753.1741228966599
-614.1911468490582
-598.0871835766279
-472.6162323674181
-583.9416943516944
-1217.0976681041725
-737.1431432948881
-1915.8638274584914
-871.4063117102207
-1605.437062661876
-666.4542109541271
-583.212972140662
-898.5065905194889
-592.9927636219589
-583.0520906626125
-1253.3700998390646
-914.6803031958818
-419.4447173527391
-570.9838885974065
-462.39858940437307
-468.85378827444464
-822.0309350271905
-722.9265336092997
-554.3786587580537
-430.94404075050164
-465.499190423169
-563.324257590752
-744.9210512890932
-694.5904995419567
-839.6610746616153
-919.4849744061985
-804.5193086267749
-647.6358081114472
-895.0354272363588
-1321.491811648523
-935.9247981880188
-508.37249950087187
-1207.7090083572255
-553.4289896628045
-671.8639181407211
-719.333803422589
-780.476989524452
-1104.833538278986
-732.641313436373
-804.1663098662527
-1591.0763329432355
-476.00416537148806
-1772.2833904918168
-868.8798156203264
-1971.6159199650235
-522.0007806824578
-1191.9331128029664
-655.3501014888762
-645.6482483601013
-698.5208015075921
-731.2108662074608
-1022.143393015178
-1000
-836.1388614413751
-399.5772040592208
-540.0968335110201
-885.0743357177149
-1950.071550376567
-1080.6721856091872
-1000
-946.7775868722835
-745.5188038388316
-954.2939603998948
-500.8769243223591
-777.4594733518155
-503.52122023332345
-592.400632913833
-639.5665398395215
-556.2418233789945
-815.7942098228426
-658.1319007966251
-564.3964838346628
-441.5944670373658
-884.6273423163365
-490.416916350475
-580.2903287512083
-664.986192651748
-684.556921070386
-414.6056095706166
-482.1249292616992
-726.1594274524468
-694.0950733979672
-785.5982689482729
-815.0146528683232
-383.20419787253263
-1871.816941202066
-609.7199627326459
-565.0069256059285
-923.5527894060293
-412.9382451470201
-701.3854505963451
-521.5232275071262
-672.4238300686251
-942.8724108654926
-918.5105512759558
-737.9930480622368
-477.8727310430818
-478.66716946786016
-798.7564709098888
-829.4881140747764
-1456.5040514690368
-415.77329436523735
-948.6139730207449
-596.0743406772424
-1014.9495163406846
-1177.8954567827152
-819.0898373643354
-533.3345626201736
-469.4946262299234
-530.9831766953432
-652.3823682897618
-802.8115688985235
-843.589153372859
-559.511847998257
-506.3120335446724
-1000
-612.6669876059393
-568.926077313419
-879.9638166134597
-524.7832525030979
-644.1334428090092
-1743.8469500463175
-782.1587168851223
-502.1467777337965
-534.1819051734933
-1122.4355652995891
-1824.927569936331
-727.2440317495025
-569.1570087148232
-539.3843310414613
-1363.0866760994097
-1707.9686835542655
-434.929681522879
-695.2449376151562
-528.3590665747545
-741.1698598679016
-439.4704072244656
-653.7338009801625
-771.3019380985241
-567.6268176027429
-628.296917110586
-674.194295123669
-944.7774907223826
-842.8826639803508
-537.5761124563313
-394.1505448113448
-814.1437624657657
-1693.58356288523
-431.5104981701897
-650.2207631683353
-762.0017981542527
-665.4653191141226
-792.6802147098701
-566.605361905717
-405.06990534198616
-490.7703997929628
-928.57567220686
-850.3408194301562
-394.0773228449311
-630.2260576643291
-919.8785017310943
-1000
-659.2723791648112
-597.3394265298268
-999.6934673578029
-1028.951454234002
-471.7469200891547
-786.8664414354033
-874.1996595514491
-766.2256807824642
-1000
-542.6196929150997
-534.8688141299058
-499.9641322369944
-802.4439551336667
-476.2610484003892
-1540.8688861857565
-1000
-496.6542241982243
-537.196312119044
-458.79970674215934
-921.67300502029
-658.3830242453083
-678.982921849385
-1791.4580964558033
-500.61324106367215
-594.2000107999786
-826.4993386256162
-534.2574306489387
-515.9696311542423
-401.72369417308556
-651.6273967397896
-1902.0707337129809
-561.1016559127075
-628.6461176942291
-598.5634383203288
-718.5452456033654
-395.7565425937246
-747.4479291534508
-565.8065921899479
-718.3492416461789
-790.2382482776338
-875.4311388674098
-753.9873640092418
-634.5873968435124
-901.1779520751853
-905.1878510374397
-477.9180687315774
-1341.1483236352076
-703.3609036240705
-416.50854801558035
-962.9843819336373
-1042.9160033243752
-503.02208156692006
-513.2567532700814
-567.1476623604934
-503.4380019164285
-1159.5371494139124
-1078.9536347280969
-520.9050481287429
-551.2993822055307
-432.13829485202467
-1000
-1873.7413715808966
-660.6510980730965
-440.9887701507415
-405.55639415492766
-1241.1531041141618
-577.5042690891889
-546.1679991747695
-614.9299573125364
-599.227909941277
-465.3263992596208
-1008.8041688217628
-1000
-832.3316978809868
-1006.254351777297
-708.2638406804899
-608.2837542809995
-582.0669194619252
-584.8636822051832
-638.4099908356053
-433.7211934259514
-523.5967711274975
-495.62614848727077
-1903.3873145491582
-1000
-596.7795474436762
-1105.998705629388
-602.1676893688086
-1323.54269598532
-350.7700448849955
-477.21524602754255
-1000
-1127.0885621111597
-904.9189739673218
-676.1924168848914
-1045.5930629369586
-484.20194699802244
-607.8269401569739
-547.6237498511714
-423.3531546471615
-533.4282265284816
-1009.381394236362
-566.0255487176166
-476.3199788297541
-710.8318193914165
-667.0906679977053
-1101.7072408238869
-587.3639452549392
-400.0987916330396
-584.8799005119283
-550.4793255556945
-656.70140745505
-1285.4307791525791
-739.092490844993
-849.6936130119323
-1000
-775.3221612373262
-593.8397574485905
-554.7502251753451
-1782.8294411043773
-514.3486742205736
-588.0255222684902
-663.6653230979317
-457.01975273059645
-694.1301866643598
-902.5973300515362
-441.4222924860409
-559.568745961227
-737.3050382212373
-1939.9400498856555
-582.4467499956388
-619.4924180300943
-669.7214345144811
-727.58160435774
-580.596912252536
-1670.0082985278957
-658.0717319750275
-634.0021633875194
-411.34377993228895
-618.732238210284
-618.2933114842047
-728.0643688045805
-709.0184361387422
-903.6167073730825
-583.8548610837125
-1242.90582959303
-660.047061357229
-672.4644481912924
-1000
-770.4439170836824
-409.61329278259717
-1000
-1238.1083466324274
-1000
-452.1405796219493
-1244.0059307809684
-615.6369165692971
-644.1795996622408
-762.6501279266198
-553.5295992324334
-603.8414940918644
-562.03659278052
-392.8191137228903
-552.3438311954449
-917.5124638499582
-555.871399708585
-1516.5111266599067
-527.4123077124725
-550.8527228960883
-496.0897057305958
-619.5579948433071
-566.7489415150994
-1199.377189281119
-423.3921141540858
-498.57752769007755
-1000
-499.1536671225634
-847.0117827331458
-586.3397587881859
-521.879696528523
-734.8984384635013
-619.7537537047466
-1189.064170392489
-434.2434842929649
-530.9705511334843
-569.7773709872376
-625.8386655774696
-1000
-570.6133096904514
-627.7463701617212
-640.9146689952215
-671.5897592565943
-624.7101355670834
-1786.4950281987938
-485.3721180736037
-615.2917429015142
-611.0752331018764
-377.9318606845385
-568.8035600252399
-871.5628203020765
-804.387156332207
-533.7859145195362
-1633.0932469178967
-557.5475662489381
-558.2465548801852
-592.087322530839
-483.580596224044
-1125.5286757384265
-1959.9609318638513
-652.6405128287615
-581.3445081954492
-580.9320169854664
-607.1927333019371
-637.1570493845383
-379.22837866966745
-506.861266720813
-432.4715591422107
-1044.8588655055064
-627.539221738802
-492.67615201809105
-1695.6049376866542
-866.695433733904
-606.6759242324882
-1356.3785607203722
-365.7799699836728
-700.5055707573724
-556.0623183314311
-1700.619671950625
-879.1723612365731
-535.0788807288523
-616.4116028820956
-373.36939881301953
-497.07291436689746
-789.7306005505378
-623.7163034336196
-679.2464524569767
-1609.9377166731488
-493.84626764986143
-1365.9035940642477
-1878.8769720820242
-455.6992632341436
-1196.634363402523
-1002.2902430822922
-1000
-487.22346359457447
-475.95514444863426
-1360.3605443587908
-1277.3759529334586
-641.4076907549952
-506.3593036332622
-645.4537850156844
-513.6994795369665
-536.8593465602835
-616.9201516884658
-603.0290317943765
-758.2178839620819
-524.8271712317312
-498.80434242751664
-841.9249183540386
-943.8416517246633
-521.2042290898246
-1735.1740429349836
-1712.3035240591066
-689.8650924099207
-555.0160431601906
-481.2375941428732
-700.9896044502028
-936.9936512175412
-496.1045940226345
-610.2151674394664
-636.4440446924049
-716.5895798194819
-945.3321849239568
-1243.3658066049052
-583.4868122967191
-491.7680583688102
-743.2871962254421
-636.7876827303741
-559.4501047417754
-733.5671868067419
-415.78225273131113
-723.545326855569
-682.9495495642253
-605.225648520782
-542.4791885358609
-1000
-718.939762440844
-659.2092467976024
-841.5317894037555
-527.0756560128482
-658.7414088305292
-810.5232273345456
-612.8628624986247
-1055.6108691903519
-596.5687908662449
-1000
-696.3185233101758
-1102.3624406479485
-562.86849718718
-420.71846340909946
-521.6953890672353
-482.28958761211936
-1000
-1880.0086223872306
-711.0209585464063
-627.43236749221
-1935.2282507321775
-579.2545404062307
-700.4370000783094
-1147.9990815823735
-893.6386334079712
-561.5138205599749
-574.5836327565137
-912.4601196981603
-1090.320826822677
-631.9579345115498
-566.7956562021925
-424.0098606362154
-500.3207728521787
-944.1621636060713
-503.75463846029766
-1732.6255422582926
-666.332295071438
-892.0805587212876
-649.5902993467449
-652.5347679210242
-528.7132073660985
-1190.2397764349432
-1000
-601.6273168086777
-426.34573584898277
-462.8245626093321
-597.7901415839387
-421.35962622520987
-1053.969564517701
-1060.1962898514207
-394.51721931143027
-772.7300101428302
-1432.8992025822008
-1408.455449320556
-549.2479747821867
-585.3008948978575
-577.4744971187921
-692.1636280684538
-791.4762820873066
-660.7942743824259
-1607.511609174815
-537.2827015450839
-1231.751933304051
-524.0372560347638
-718.9727789826806
-830.5675330857321
-509.4186815899745
-526.8547232903486
-1000
-1538.3600089850693
-520.823673780332
-1055.103324538235
-783.8787460025102
-833.0786624999224
-959.1991691008104
-542.1442265544972
-669.5166604103551
-625.9205436130316
-468.6651300013748
-680.1713552477497
-824.728806373662
-1143.8902041972292
-680.5727403043005
-619.9972517529818
-854.3618142760714
-547.7862002363966
-452.71826699469625
-607.5825132170562
-1318.389129618838
-1911.107605240441
-724.1909472721866
-569.3960052677836
-662.107933077213
-851.6651353532005
-561.8932060543073
-490.6124833181169
-833.6424369174482
-787.3236445060517
-438.7920192250255
-951.5344991334399
-772.7636865143689
-548.710387231888
-470.42237617654547
-688.1475974344384
-921.3002384906431
-1432.8182471374423
-435.769872249163
-426.467199681973
-569.7810609152718
-613.3600036255145
-582.2261633154128
-694.6966466738758
-1205.9963254213512
-1629.4762494416539
-765.8735602953735
-668.9967822096341
-828.8286819289834
-1732.6466268324846
-432.2627953697576
-890.576579803741
-1019.1533243498899
-580.3989760975276
-1000
-724.6369298242124
-450.3627487781589
-482.45464657265217
-524.712166272171
-722.2851034124814
-1250.9573739321488
-1110.7324737711606
-1031.6441346284805
-494.89084154585254
-716.9257629412898
-627.7706538957599
-1082.7274383259096
-514.9823472006003
-848.216999569324
-617.2649085740754
-514.7408100257135
-864.8895507350873
-471.81108017777785
-790.8327988220989
-587.8628553817448
-337.92336164425933
-651.1196470964248
-621.1511960290626
-1000
-556.4144909650119
-556.7179324581468
-1523.756876974159
-878.3944392795862
-590.0879928992358
-688.3326064737598
-804.3421274428729
-562.6924779882963
-1000
-803.1109409864691
-838.8684270808349
-1721.5318893836838
-427.2257408188958
-1894.191367257151
-1676.38040382463
-631.7411720179701
-1108.8646059859298
-1064.4638121020935
-841.6955204795211
-1000
-492.19080393524297
-1314.5710798228636
-477.9224937241111
-579.0222683827355
-445.66147730791704
-1641.5364068586364
-654.0140110674992
-528.3710713871772
-813.231695806722
-563.8048250559791
-1801.6723233465407
-637.7053912459535
-678.1046404660759
-490.9855303535217
-693.7100839579537
-1073.1275268741874
-480.99677918228076
-518.6589938148476
-373.1628130793987
-784.8835101907263
-1658.982730170556
-1000
-567.270883833922
-1000
-700.2964576464146
-775.6406779494811
-595.5177829760637
-789.0315508758356
-730.5245145256782
-1046.1018841551936
-1000
-1000
-581.019860108293
-412.1578851697644
-1836.131403808254
-512.4002835609147
-617.184375789655
-833.9766792711715
-858.5185304258256
-585.950914069774
-586.3903266678343
