-246.28659718534962
-111.8143509183613
-1.4711796098808634
-101.1635882334208
-158.82487675718681
-150.24345038523452
-160.37056564226145
-112.90308392953739
-122.76399160746433
-149.62536133825515
-203.34740375121635
-119.66832865692669
-95.89216811028132
-102.42941251904034
-112.96036235236156
-144.17136321936346
-163.1482031424149
-162.37378028455333
-123.27740800891996
-171.52706649869413
-149.6022449462664
-150.6875123727345
-114.40641313014265
-116.57777881569723
-112.28263856807396
-153.52480956862766
-143.6683100789007
-100.60374385833134
2.137968143361036
-101.07975983876105
-144.4117756758879
-347.7046391706338
-490.83229989058907
-272.68468331578345
-138.12088301198224
-362.2478727183578
26.145963862296554
-137.1046671914831
-144.6957563185548
-147.3070279567226
-140.69490474244176
-129.32304687825257
-120.04861557468857
-268.27258703937866
-90.54885647465258
-150.57829373832433
-91.42903271710301
-137.85865612865513
-92.58902661005865
-271.00279927507256
-136.67221669242088
-2.1852028208124636
-163.48414011205
-157.9034014240642
-143.2170135504712
-130.55282599296504
-111.69876699567038
-119.67670857573574
-114.6268022075653
-147.8348629205568
-107.17679904384431
-127.85095082033118
-133.65153533990355
-189.39301087854074
-128.10168389223242
-135.4181556660896
-122.40425013872965
-91.74067642148796
-136.36239585212417
-139.41276200456056
-122.24586426963097
-117.66860253523603
-171.38264049073626
-122.11868003503935
-161.04097061446674
-121.31761250926746
-109.98385730830103
-131.7657012081915
-131.61040425478785
-46.917199728778655
-138.3188182696117
-64.51850276104165
-189.49015633975353
-111.97137137667548
-143.0042200309207
-136.63411375498836
-137.32795650204395
-656.208058826041
-161.00055985096304
-445.9709945977182
-1000
-733.3530868143065
-1000
-506.62141811029505
-624.5236295851394
-683.3545858539019
-1270.8526704580163
-1000
-592.7730474704613
-544.3938884477034
-812.4830389987409
-458.9859081191986
-718.3023693078809
-640.1403956539283
-656.4009041674088
-644.1484383166999
-717.0895310635699
-714.2234030436089
-440.9888334194407
-1693.6511164561489
-1780.1424114164079
-433.20966294755675
-979.8677182555022
-1144.3123059890484
-1201.9853866371743
-937.8617692330915
-476.7763338410409
-1836.558828708511
-667.8433637920531
-1858.2908491913086
-1000
-628.0145479325182
-855.2241896689217
-640.5632392141819
-1000
-493.7452166235251
-417.4933003766299
-487.60287572136144
-561.174949714326
-1529.9903666991743
-546.240033102456
-691.0784601163622
-589.1254779276749
-735.6210627713714
-855.9149582565558
-1000
-642.5272792817223
-629.8160276038591
-1000
-676.2509688746311
-676.606712661556
-625.8982238694554
-460.7320294334022
-602.2441563072691
-646.5939405768744
-517.143008702576
-790.6563794539852
-681.231472319747
-519.8734880875395
-637.0394796413161
-532.4344079556902
-454.59974213727395
-1046.8669225924077
-599.1762330835102
-676.2356645880328
-562.831614142619
-1729.6355625814379
-487.3586237571533
-544.9813603667253
-509.0347818675596
-660.6531135144483
-900.7508847899738
-1000
-504.7523984388469
-557.1990510751921
-1067.3261140370294
-712.2379162122901
-712.6247103022708
-453.2803562237359
-1174.5098951244922
-541.5919908122601
-608.5807330730192
-748.5272275352172
-504.86975839334184
-1014.964529651519
-1138.062347617763
-452.4119410251379
-1046.5056474509802
-767.6816599337519
-1814.6139178412204
-1171.2955744951828
-524.2748272354186
-575.6678951380837
-932.6489708906494
-1000
-1017.3179151723978
-1291.047265397247
-728.8455132328133
-476.4309864988595
-535.4767828268077
-482.29728611670356
-1000
-421.1622892506593
-879.7311602883215
-690.14142391391
-1000
-663.9598851993634
-549.438988821124
-539.6415469867522
-584.1848359699528
-469.3312449953909
-1805.8509868363549
-611.4158806722401
-533.2526056418835
-436.48770704862557
-689.7829700230059
-745.5015013422208
-673.4881784924543
-539.821781743206
-955.7227195218842
-949.761713510254
-882.1377604977824
-625.9707528360508
-879.49754061144
-1000
-669.1340594360798
-723.8733286799777
-798.7588410308064
-1000
-705.5213421064655
-1000
-437.20325675109706
-542.3162150353309
-1227.7256686067042
-863.8940120182223
-538.5030982769871
-873.5435583129098
-451.72622841156164
-848.7936636293545
-953.3785599895932
-853.6608672046362
-648.271438576858
-557.8507286758334
-587.7520389518249
-910.644709221267
-551.6760586467652
-591.7386615798164
-381.87992407822975
-574.7337275436437
-623.2934891087034
-1186.266510641287
-534.681561735176
-1485.6184250768972
-1000
-683.9977829129607
-1390.075361774131
-580.5070261263047
-502.00047383834305
-1790.098536775454
-458.31226131894766
-1179.0045343786194
-488.93253972266166
-1144.9663155589162
-916.6887808336237
-634.5602332606078
-752.7682629075473
-529.4269907804799
-681.1439750629418
-519.125117638768
-1915.0013900663862
-908.3932383378057
-583.5270149113671
-1000
-594.09621532546
-629.3080077425157
-1690.2991061398898
-744.2098380571177
-910.7272521647261
-1207.3146031231904
-844.7767856535402
-476.39356047235424
-466.3872041444019
-627.4298773888326
-533.9615404731492
-767.0098428987899
-1059.011748382256
-853.3854733924095
-530.2781045805605
-1994.1335539798395
-1000
-622.2065876684156
-628.1467322453707
-532.6115825190535
-875.3299650011808
-863.6068286067317
-462.6128414724947
-449.8542208015209
-1847.2096971087446
-916.7667987675012
-766.8198637628831
-633.3112009751309
-1196.9210371543438
-1635.6332190675855
-687.7074163780028
-1000
-581.5759228752663
-740.0661591222008
-752.0140846627537
-505.03286869906435
-472.66756933368015
-1000
-775.1173926998273
-555.6619850001454
-477.2334162915548
-566.3524954332187
-1000
-640.6357338827721
-698.4039473373292
-1000
-794.135979893579
-484.2798570514996
-1000
-780.9119575710519
-574.1038998186559
-654.58258168387
-980.1087199441582
-518.924730811314
-782.2383732467038
-914.5922001620081
-1468.4026733206624
-584.7062659933069
-1000
-540.8834165674723
-811.3523430416161
-322.1654370874355
-720.9089526477487
-1000
-1407.5662851042273
-1474.7009593391551
-530.7716266053291
-820.3573168863672
-670.379449279128
-1000
-489.39882662493983
-1677.3521464352405
-703.7525228650142
-1156.1354128788194
-870.9808915953794
-403.6582005764876
-841.4562439693648
-1072.7545968722018
-1238.8222442203783
-572.0345368676844
-486.25064299339874
-826.291299491181
-1523.7969748811227
-670.4537279759369
-1600.1594682245245
-420.3964886400992
-611.7999841810109
-677.4901243293913
-645.2855955453772
-834.4894307215724
-711.8810432522184
-742.6382058542323
-658.8460048993427
-1212.9973441487934
-1277.5132251725042
-596.8273846700862
-644.513497492111
-611.1198764303122
-714.2888813849897
-722.0521641482622
-568.1021971622811
-702.0524410284248
-898.3503283217997
-633.6631632902595
-655.1605433799958
-619.4851815640551
-562.7458934778808
-393.13073424627413
-705.2800210238299
-571.9415390825312
-733.691279539918
-502.3159203620221
-997.4744258522214
-826.3142807387883
-1619.0573335111656
-876.9923938801437
-598.697032936719
-487.6355017139053
-650.4730303362043
-799.316589796322
-626.8901365618086
-1317.269890570485
-562.4800684912623
-776.3409486437944
-499.18603858112067
-550.9291949171115
-891.8438296127197
-506.4082157942126
-515.9758631522761
-1000
-534.9888344912146
-465.2365412354297
-632.9360347713382
-650.7075871882413
-629.2046525835318
-826.1620698672151
-994.502560517754
-1342.9237056569568
-771.7952850536453
-541.3716481028006
-691.549300557493
-870.7531651831893
-1469.9236535262962
-611.3995749402321
-817.3254261559881
-703.8728909494174
-471.36162534370317
-685.7741615999076
-1000
-526.7796686830028
-567.3197940170446
-647.6316927926349
-1000
-744.0276826897638
-819.9217774399972
-712.3230705734143
-482.79702347446664
-611.9785497486013
-597.1115567643852
-557.772814557854
-544.3782564725282
-680.7933736135191
-922.3172836931108
-1078.9854918862352
-586.1087550371832
-762.2498532690562
-638.4035118766527
-723.3165374129135
-507.89156548796933
-645.8713795313927
-1000
-711.4979817080819
-557.0720223066685
-958.4793803403026
-1850.2128828309947
-526.8219034583157
-880.1807458663274
-565.0015696206519
-1000
-713.7874483528032
-717.5620112405728
-559.6449487829582
-558.8314598822129
-1000
-998.4024809060614
-732.369811903241
-1000
-864.9690108883685
-967.2096332280975
-622.3932098368579
-588.2475321925099
-882.9552691411355
-1716.7025102233106
-1342.0656702340445
-961.822440016561
-758.7974211494271
-817.3465220534948
-1434.3400132274862
-563.0834903054986
-636.739389549563
-551.6259753784323
-704.340417337643
-472.5471422302202
-785.3365794893504
-440.3346485920566
-932.6449578511141
-560.195118069497
-560.2507278754256
-423.87560795352294
-994.6725737534964
-644.0550088976292
-730.2217233911069
-1000
-461.2382082224183
-1079.7365388469902
-703.8407779371576
-662.9092868098828
-433.835106757591
-1072.3470800038122
-575.2003615844956
-992.1125023618075
-606.909337335928
-515.6664598005855
-951.340202417709
-440.00411594189666
-588.8687881595454
-722.218246714155
-961.6127609171183
-484.9099571619308
-558.0354804211759
-1187.919513240466
-525.4086474783464
-410.19522609175664
-568.0680102799724
-1724.7725434556337
-743.4472527081332
-425.083914648295
-991.9798187841097
-1283.4870824167015
-397.4453509726789
-500.8024615331737
-697.0302468602564
-833.6193186350248
-1089.8317867747066
-1426.0685129807093
-399.33341794940816
-859.7825345925135
-681.856854275148
-1266.38221177997
-563.1489156116531
-683.5987447385801
-526.5899662411591
-579.1361615582543
-543.3517863172864
-1000
-624.0244353780463
-960.6511425001188
-619.676814153929
-510.5476001436469
-726.2540969634533
-514.0371421013017
-1372.3178377926013
-1616.3967967362294
-439.0215869073112
-627.6767235193709
-611.1598623898961
-544.8445074270658
-640.1985141628187
-741.4871078642319
-1166.079597929528
-1008.3213954616167
-1020.0618698203227
-538.9167963441258
-413.2413513991067
-490.8732095057592
-506.03212189076476
-572.6309470142679
-578.8372893883422
-529.8097067805899
-1226.2441379395177
-1000
-584.1329560901004
-928.1467065778751
-631.2664748020386
-566.3221634367046
-661.5575801673292
-432.63392909339126
-821.695258656137
-644.630991791552
-728.4773523046232
-614.7413419056874
-723.1142903485204
-1325.5679950418628
-1000
-442.1055646514005
-1190.937487697658
-1000
-598.5857184867139
-762.7790143134757
-599.0417396536633
-1883.00086309588
-487.80964138112057
-1395.0718655389503
-1000
-633.566833386231
-573.7949198679751
-494.64920361216707
-798.0399584556417
-577.8387175436442
-1716.4703320092985
-864.8158240404465
-908.5364669589484
-474.33917906222797
-508.3752101066719
-902.5082298141908
-596.7645438308878
-1203.5540568004126
-616.3896172469135
-549.1304043013738
-665.7933193729891
-1284.374687933521
-609.9575573743205
-1209.2399979690172
-1733.7715094692414
-757.6081838605056
-994.0348603933303
-1316.4150757770158
-1013.1013712431128
-894.5546856850392
-775.1309125692381
-1109.1488327512875
-578.0902325339966
-1236.89369393785
-520.2387927572345
-620.3284046125025
-1506.7339550317295
-909.6879407223695
-599.3846017583824
-593.3167522464041
-502.3346324421852
-548.1062471191769
-570.9274990925468
-1340.3290541754245
-526.1945289872151
-894.8576947486342
-518.2217665909093
-541.0032218187671
-620.2678209494162
-622.9429158605466
-476.03585564241246
-1297.5401337318651
-963.6032858420554
-1354.3610810263656
-1000
-1000
-952.6783428986815
-913.7892684128234
-1254.1633770899152
-483.0689166354546
-700.7063531090712
-925.9572042881614
-355.98485586110706
-536.2578877627191
-632.0976994384571
-494.9015263259463
-552.7066389722397
-371.1804263971859
-1862.5597799035545
-664.2717713455651
-1335.828576386345
-610.0280435547663
-596.4486254310294
-623.2724969054367
-1046.6120690873174
-356.70158522043596
-558.1884788082839
-885.476492759286
-681.3835690379119
-907.6637353790718
-509.2480991098194
-555.5603290610577
-673.9441012823652
-578.2374955964017
-515.6072830858167
-910.8495511896851
-982.6994950743081
-646.5270827949221
-438.2283190959242
-1057.3914938887542
-390.7099590466575
-1234.088972213118
-428.84954205598257
-384.64969195397487
-869.1319774461211
-1000
-622.6987425447048
-539.9793913790668
-711.5459896110982
-432.52953975928847
-587.5075911698262
-663.5817839821518
-1123.3164596405475
-1000
-538.7021921584283
-574.2485083238568
-948.9849784582128
-540.1412097809521
-553.8160843492419
-789.1022903901431
-558.8516410712264
-1531.4677875241453
-742.4862558359589
-618.2344279617539
-561.609067754345
-615.7712648132347
-598.4310635948367
-540.6091572408235
-1652.5388582398743
-626.7878039970155
-828.4085397655779
-609.9784060112543
-1474.7708582795685
-849.8368092555797
-547.3758327609455
-568.9341237817457
-548.6167190611071
-590.2371006549595
-770.2987853418031
-441.35404489104167
-627.3152241183996
-1531.4231954132565
-896.1685811238668
-615.7216453035938
-998.1136475083038
-778.9289163502115
-689.9488491740127
-917.2549590223196
-540.5498815089535
-653.8908645808727
-477.7243587181149
-595.2535444697364
-607.3446813027842
-552.7233136279142
-503.0489790624346
-1039.007871834655
-656.2295361254642
-1000
-606.7719847509547
-1037.3529439134022
-515.3010917333642
-1260.9549543189908
-503.5262373236638
-582.3154322580575
-690.1724818986041
-421.3203747215194
-1000.6319259697234
-527.116183650063
-579.1366177403063
-812.6825443184554
-550.40916305689
-629.0319918824711
-897.3610567893026
-975.9324348998169
-633.0172514044029
-420.0229219470646
-589.1542033483264
-807.5820064187557
-745.801838631185
-1607.778663933841
-582.366529878966
-579.3354431306784
-751.5957288746437
-551.6680391693707
-609.6070363204169
-536.9993092958614
-628.4790888510944
-626.5475624265144
-484.2013673682717
-859.5379341987863
-469.64230322974174
-589.9216928264239
-473.81338837576385
-827.5621493998478
-476.9881175710445
-1430.399653957828
-1363.856869277578
-1182.8124719228374
-717.0011432169725
-599.3753351083074
-825.2316632689523
-525.9935382206195
-453.77351636997156
-625.6433668807865
-491.49964576490754
-588.7996154269931
-414.77478393273174
-701.3816321087787
-606.5385139190648
-505.0612462722967
-611.5763161648466
-644.1553643136523
-1080.2690048656507
-1860.1786448064336
-390.7768769710862
-470.8592668366192
-910.8305249114306
-569.7948185687485
-519.0009031616264
-663.3916467686253
-533.5921884800553
-903.8416073533762
-756.0606069578188
-554.0817456284672
-984.9397833210797
-1422.330438070971
-487.80960490429555
-617.7727857575226
-680.3156776480797
-446.0453159545141
-1000
-899.827475857109
-534.218622964516
-701.6208196653566
-969.7653765674849
-597.6751119380256
-929.8192389738967
-542.4550975082952
-1216.2727806572752
-907.1300358735285
-621.2165927436223
-607.43650456753
-866.5400182916281
-474.64148066292086
-652.0083669832525
-964.5550519361307
-1546.3147464313595
-948.0230220874646
-972.2645937352111
-427.53250288373573
-822.8653594575644
-535.5170733427728
-615.5712740141151
-411.2058890798781
-579.007536056509
-666.2816948333582
-529.9019696218081
-911.0584022054504
-1332.14002150979
-1000.922665176219
-697.3293310830775
-1000
-434.06115552512404
-1735.3805716511806
-380.2102107939031
-920.1346698691566
-603.9569294710441
-440.3789646966257
-666.1159764538019
-455.18164080934844
-485.9000281354885
-474.68888249878137
-1031.6780926522135
-717.4840283644427
-599.568596703848
-431.918776110481
-1752.8462046035843
-1201.8542839849401
-941.3877290802576
-665.4353053002463
-651.5922081736652
-559.3094818282337
-506.1435565740196
-936.2647845337945
-828.1934805274367
-633.7792009901453
-525.9671967965705
-917.0901708455681
-552.4122034083032
-1000
-408.28134354889323
-1041.6957682461127
-590.4424007071382
-1000
-626.3066705330245
-595.8047576294473
-996.441508899196
-1121.4055116042114
-735.7951591940279
-790.8949626055887
-571.2998516394937
-470.6139957388813
-631.9247476416308
-414.91166058963597
-784.425080151583
-764.7212509508506
-1237.3156004299417
-682.9401188827652
-1328.7823458327828
-1022.1841293970014
-577.7438579459363
-535.8854048413166
-659.2111109280085
-898.7195481184087
-1066.9478845072692
-387.18880107405835
-803.691593945383
-786.9590798933309
-652.3866499494496
-1731.7511578234926
-488.2063039913595
-539.8168889338851
-616.263522438285
-672.2741039140818
-590.7915764761458
-422.53916750551076
-1119.2525887528686
-1998.2207731960198
-550.4505889248003
-648.8377136742217
-574.8842307989755
-586.5277753584642
-736.1165248378205
-670.174088923862
-534.5377856103826
-825.4100112726063
-719.4068301536709
-714.6812201953018
-529.6706996256328
-732.2972395736081
-672.8970899528277
-472.7121243249601
-1000
-799.1610475706715
-557.5847963855942
-1422.187197020734
-767.0525744860738
-574.3702622141054
-687.3978710906545
-548.3410459127214
-816.015222726675
-807.4946183931895
-493.46105594158104
-702.6580549234776
-1000
-599.1965597410169
-1052.429137530828
-650.0068284754442
-937.3997322207664
-535.9939683260072
-495.10892226824393
-699.6949454959121
-507.3740746569201
-603.7446717930893
-464.25963139897806
-577.6240379825612
-682.4590705607908
-1000
-396.67476182475485
-683.2272900245406
-400.7369301433552
-602.026255519406
-578.8902224781568
-545.4026133015617
-639.0300392811238
-1819.531292486891
-855.6490408697088
-460.2437034165288
-1019.2995894126796
-453.52485537290835
-1000
-1156.244169956139
-582.8556886752181
-1519.9627971766076
-835.8009265178117
-1754.9625174623513
-675.3343259180867
-713.9452749865752
-834.4857023614541
-542.349142386812
-1406.6394829178419
-438.9428822441133
-1015.0638578200125
-627.3489885563445
-534.1841862306342
-1565.546785104392
-593.5585250361727
-410.0347993974944
-1000
-558.5572430143704
-774.5733474157879
-614.7160455472311
-1179.949744998717
-573.261918117114
-670.1325640902053
-775.6405285785723
-1000
-392.045244310047
-499.1731066222286
-716.837700666421
-1503.3812395550176
-590.9344322378049
-853.4387979885743
-581.3865822060898
-1000.4258407485329
-867.9020262313006
-854.6970540628336
-638.4374878979653
-1652.7170774592666
-937.3669707267035
-684.3109317901099
-478.68149486253566
-510.66536230321714
-1642.1867297052002
-824.9420693691321
-1512.896070693317
-1000
-420.88638132096276
-806.4369499172058
-791.9046203286413
-548.2254738350264
-1000
-397.5975232713686
-718.5893469573696
-756.2706296464834
-467.1992438352488
-477.42626899318697
-452.3794481083794
-607.2453871639857
-571.5933816883427
-619.9019859014745
-617.373254994331
-1889.4042303624583
-417.559994796837
-816.8710165060057
-1126.0208626703563
-611.977872380429
-617.497484457876
