-541.3210982762585
-701.1598146261333
-577.3174125634569
-271.2972837800227
-263.7488206432808
-360.27012545829984
-301.4136471354269
-315.0879089198702
-182.14365690301943
-70.8547027196686
-252.89021445658204
50.56690284711948
-44.978429978263875
-152.5847718640116
25.688447275194115
-175.522397159591
-264.7797807601356
-71.31242105031778
-117.19288204393507
-233.7179186677301
-47.91567580106897
-248.0958697273003
-118.5854032447849
-164.35531350240097
-159.59928863005052
-244.12067528745828
-238.4614489071481
-94.2720785602936
-261.2184246753872
-41.199747775538015
-105.0953996911499
-209.36554786961
-203.06432681831566
231.44144474154098
-70.60764576782137
-197.21353553988325
182.23960885412544
-69.80757479808875
-138.68941030619987
-214.89776764624702
105.82006185853311
4.3966253976293785
-259.37655386892664
-191.214091220552
-253.85806833667166
-188.7037521657217
18.930756059713318
-265.53487958914525
-238.06644942399558
-253.2349312563473
-134.28838810513193
-43.02939775262388
-17.444941891570807
-37.290892459346296
-94.38832025134681
-159.55186956377332
-269.70289506448665
-184.56481436996177
-68.0196656353229
109.68025126125244
-87.22319310096995
-167.81121786331596
68.95983287847187
72.71017463492595
171.33245201137524
157.67047533848344
-23.85579371351811
0.7885560292145328
115.82604176939172
-43.18080291974889
-166.40170972132842
108.73024593145324
99.01026337786026
204.93928722571084
-31.652353758981775
-21.8457176053615
231.0620125590737
-10.961539891100799
-179.58807512532366
38.42595794979201
-14.631367543613791
198.88425903468118
-177.46024661003938
32.88128708444438
-22.329036429015858
-100.39077143857465
-69.71782479986553
163.93968552828107
22.82042259800366
217.15689811093574
207.77836319345232
136.0293378922592
11.163661731254663
-20.635812323457216
-15.079924040406183
224.58677839623726
178.96629798273312
138.59097438866013
12.074291887676736
-16.93926252033566
5.785474131363372
-139.8769030255205
-95.4104638933568
-111.91565338359807
205.38902336083015
4.098995149408196
120.82508098136495
215.11300778406473
275.0338541549745
13.040767492922972
-19.98476768570424
-9.031939804207425
-73.09941272569515
-19.035939517729037
148.72555530928497
-165.6701389188671
-17.607191550411446
-14.799102340316397
-20.374286724008346
209.7100553083082
-23.899591858344355
-76.86239055109185
102.2897285031395
-32.264972933758216
-13.189822234694333
-54.659977871035174
-147.1028010039891
16.216926556388902
-156.10833903360322
-47.39372855080556
220.28051047834919
241.72913631241562
-96.50397389687583
-38.361909405429714
67.53401157811982
13.040411843812166
255.78388758149867
-151.83734648835176
-8.841491636609835
-95.72728698512746
-151.12503492719415
-94.52199103424672
-136.00245653505308
-207.61556907353358
-190.19021475519074
-72.86164188135312
-10.649196616981438
-29.465532664185716
-34.734147247473274
-76.24787194455135
232.77535406104758
-186.25354817164825
-10.945475877000192
86.91536040062661
-151.54859679795896
133.29358178441552
-123.89747594734857
96.43475798210171
223.15937453445804
-88.56497053909762
-198.4530774476147
-123.43273874409194
139.8137294357847
-63.17277763777177
-27.763096270641668
-91.2961022977063
-30.172500252047897
-23.73517235228168
67.16003427934925
14.076140647163978
-7.346035529188043
-79.62170297381789
-22.453579836052704
-96.97945357248352
207.75030521011388
246.1167574392487
-71.97713322640092
22.9160551197987
-35.8245676081447
27.758952334175675
21.86696348273317
259.29260350512646
-57.123056453136996
-30.746168501940645
226.47407558876168
142.29616625465025
220.44816240300747
-124.55430278458647
240.23132632904523
-64.41803881966304
233.1120172589663
-43.517340310832225
-24.11553791220895
-126.17945492030965
-84.98619602432423
4.070347059217255
-90.28222364070453
-82.14369268167069
47.47119260620323
-33.819431983639916
-3.6061079147241344
-37.823711351810886
-17.28848204419093
-63.65418923503265
-48.96848821665995
-98.02479545476585
-52.12822788445416
-115.39460497334424
67.62153387015636
121.80126001348104
-46.916212337309005
27.914970253946763
247.66927340471454
200.08913531993505
139.39493520941298
-92.11250650141469
-99.7699381975095
-44.3941164410596
-175.5436518862258
22.926547610110788
110.76269127534074
169.9539574646456
-165.25637363687207
85.1225914188746
-109.59255195810991
-36.115722336124094
-111.3176645337344
-11.236402125584958
17.335048654840065
13.533686585472836
-30.655129352667416
-28.80039682475328
-113.31627185543854
-68.81842126871172
-182.1912576936949
-131.33539845495864
-200.2667534003513
-151.7725826542547
-122.15427073359209
-84.83876257827917
-136.69351340072495
-105.43300122253052
-100.6068408283208
-168.89360050606805
-112.87974396644444
-209.84466723615594
222.98775311400877
38.64862408558709
-85.76395125384983
-13.409988434297091
-103.24099347554754
13.427180284790893
-181.90931750876763
-30.093005111254072
172.80696318981649
-35.19460125647181
61.73779520828289
132.36164978448622
-15.147185964918918
41.17586969973999
14.870624422756904
-13.554491475939006
-222.420007773995
-35.41404872082492
108.55631179415599
-54.35027889911129
37.05225556746592
-76.94112282819344
8.929674470989339
-32.619898660820326
251.57551147085175
20.578354585195477
-98.69354865621843
-95.91184423352794
205.14747447659238
215.94513514028273
-90.54578915381627
182.93952186825203
-43.696235222893364
153.45194851267485
-28.202100037173626
60.23136241458291
210.65310401629614
284.09101081211077
205.353251845516
-56.34253691315604
29.62819925170814
-31.707018021340968
45.887266449519274
-26.288836371270193
-90.77465293373318
-59.16959786576565
-44.31911370598441
-21.83692307401232
-112.88205492246568
-170.64237514307894
-50.208122556488604
-37.593491558703114
-74.65160026073278
-200.68790328187555
-87.02918800300668
6.298969579934592
-82.75989373239871
108.79173915882723
32.1145999454082
26.277210820507207
46.02451548614178
224.03359792885976
-36.47541034277097
-152.5211002195853
-121.96709455814614
-122.35836464302558
-182.1012592762276
-109.29845366602808
-68.89406243698393
-37.69532581925465
-143.14050728364248
-29.034769359269035
-50.030280352263134
104.13597229364325
-197.72028896115052
-81.11586314141323
-15.513024304955167
-33.33201844542249
-58.14080903140395
-105.47446876423446
-126.32762974245476
-51.76259497000065
-76.38773749946681
29.67213964955252
-55.54840844710583
-29.763115035311927
-31.697215323105382
-4.298528757541646
-74.68781018265213
-19.29270825936679
-158.63323768339836
-79.80705324701522
-202.39346441906508
-189.685778773423
-90.1354906072517
277.7555175595444
-91.94826061137734
-168.1229199910251
-28.68028594958896
-113.83606475074569
42.077916651034826
-64.10614932777429
-20.561884909026347
-153.22547156540335
-13.974805165594255
-223.08535256484515
11.75373077983474
-45.818893967065925
48.958175215472096
-52.05174507851674
-192.4298577283045
-36.620545671685754
-1.3288718573128477
166.97180426115818
-94.70392123829056
-11.902668554276445
74.72132813587831
-27.27502335821073
-116.43902149463099
128.29980261999734
15.83931843175138
-15.273056871114628
110.80228849897716
-38.336157941890164
-225.70035816634478
285.8354822584477
-70.20514208767715
49.50489771808972
-33.72146360507399
-43.826823940177505
-28.692407699679833
-320.6523135281101
-93.19932901655808
-144.65990879361186
4.391933486532011
209.05217811943888
-63.04004617413469
-127.43140214276977
-53.219027646192416
46.01525563566301
125.12056376513345
-131.92353354648355
14.693730461410377
-20.145491181318462
-110.63972036934189
-13.248256376812714
-56.82003156369703
22.235725287199585
31.084136354409765
-162.35201619193938
-199.0628113197572
-45.871905201591765
-48.10215528183792
-141.34551823919637
-128.5611456640617
66.83722566458498
-190.0299309080629
-116.52777547072286
-44.91190802250596
-31.060140763269022
35.84112439451192
-30.80520341013917
-173.36121712135952
267.68764487605677
-147.09779147852532
37.62466465623808
-122.08356915670998
26.26746527528657
-10.69179573822136
-61.04505386811003
164.5451190422152
-90.3785288720115
-75.90920530665161
-37.87299343988079
-27.38343861499265
-79.12239932673921
-17.728008950350258
-7.648916321637344
-197.67949456527893
36.38669343037401
77.55190056336272
-107.4247576915958
-61.275232895049655
-56.88424491583873
-40.44552494493902
9.596221832601731
-31.42453807050656
-13.414369024219965
-117.22702963318798
-120.83919168154446
54.18410884706614
-66.7563610246996
-151.82801793012362
-49.579575263319384
-65.33748895987063
-41.84748302594078
175.85573426289344
90.60247010384985
177.68232586074362
-41.07364533502975
100.8635087531143
213.28489618141057
55.50142609042824
22.861074937356165
-35.34968950541182
233.20852820876505
-74.47678550199639
238.58224116945422
133.46186972654317
172.63614412417482
160.7144425474475
17.150495367688578
-15.740531321319068
91.5626480723617
-22.5738912990074
-86.87857371082072
-215.4113103530118
208.1942870224526
-55.14860917189701
-193.90815858178186
-130.0371569500524
-24.149158341056037
-73.37021733284986
190.8646311356025
-58.73483923604843
35.94000105939605
240.85476409709673
-42.57622405293364
247.72404986728776
62.90520878524816
17.94128601023533
-35.94441984187711
264.7164465510764
-0.3885673019321416
-188.8322296239305
-253.87545712225563
1.4744608986443666
-217.70118658740293
-123.10032025668505
-241.52718732513733
-160.33271198648242
-139.91211441564192
-102.51506198786446
-3.3921922979436987
-45.82987664018688
-32.12931654563575
154.2061934667094
-12.407857217629157
249.0263305454562
-157.96546457610847
-3.6627281575596555
-52.69882622238083
-125.06026417242269
-155.08313900677808
-147.36197401053266
-18.422031377224428
-94.02600500087381
97.88157046234201
11.69953890256933
-248.87154119256448
185.51776780257111
199.3934055893152
27.409548697985258
-142.23702472673725
-135.60562965864878
-12.164168075812963
250.80142643480417
48.2146879276323
58.351789264873645
-35.32948369480478
-128.37088510846405
-92.52040338093056
150.80881574328174
90.52150322295671
-148.17237418184183
-19.328768097618525
-162.0666113431661
13.308924586821703
27.211978272603403
212.95636991416177
-84.11165300988324
-30.42676231388554
-9.10583888172955
-202.65717793301042
-0.16132674951747106
-66.56145964981262
-15.80423928440064
-45.962368141453254
64.73798734262772
-17.452021254461968
29.947191025939475
-45.73898947823385
-123.34369753328987
48.59984200930586
-79.34439557711276
-73.59240679512368
-63.61793832783661
-129.24210758002437
141.59275519538133
124.71520840589145
0.19174847935200034
-19.699725758501756
234.000637280959
224.03599066110064
22.776912822106866
-302.7071088837836
-281.05020092457727
155.26636087288094
-57.47814335645057
-71.0989103931629
25.053700601180253
-56.66035119230471
-12.128959691401974
-94.54465600111251
110.30185929956632
146.17313074112715
53.68094807147186
41.56621361715216
19.11577173389685
57.209512605415824
296.3360933890426
79.45879970947865
-82.77345745227352
-192.9659796954197
-34.56543465163509
-23.05643394198171
-31.313790879174128
-116.80953548424256
-146.75876894287077
-153.1768839796965
25.95597221041936
70.07999841582355
-127.05264982593859
-94.38812089594249
21.362761073987315
-109.7703802177602
36.15936868723887
-53.538830322145415
-105.38656278604972
-1.2545406646665072
-3.7864130551520248
62.43288204069424
-43.86602561315814
75.0927965838768
192.8559375604696
-65.59265356228502
48.195769395133624
203.82840251267294
-86.8168172277576
300.11220974404296
136.46023161995865
13.569083700947544
20.886847373900437
-31.037156300190453
-80.15300314189089
15.406862088026145
255.2878448623578
-55.289352745781486
-86.49432153004027
37.85379973242618
-84.2892683967486
227.20523531004608
5.856899884016158
15.859842136723955
282.98832816444747
254.83257936296803
-85.74674543294327
-76.216091320615
222.16663751031956
-24.72176880560552
279.49988116652935
131.13207813824354
60.723980828856725
12.318265384157348
3.874250624609615
-0.34103783412002997
199.01679070020913
-99.71306017959351
55.5796423052267
-150.92721405715295
-66.90515671465667
-65.53353533694039
167.67947984916088
-21.67579212183064
-21.8070682815645
-34.80532270594531
-72.61822732300324
-31.04935577879374
-29.293611603605047
-45.89709026026563
-45.40449485780731
19.44601804612111
-20.41136588768238
111.90103776487081
-15.711309740858464
95.27933413488184
-33.352993435653474
38.10410568185071
-1.1723604788190005
-5.292777005351908
109.0314305681808
-72.13143015445083
2.4627254054340426
239.32407184417823
-15.737461854815194
-112.88008460199585
4.603935129690129
-80.66743590339378
-77.81244320657181
-33.545800476648026
-170.7451546977062
-140.1528261451643
-2.507056414246364
-27.41790503870328
-155.4874379350145
-147.53510014556667
-105.06084237010784
265.8227942101245
-156.06723290439027
-48.73680038931922
-134.42922343826535
-164.6367154647521
-35.49015176453019
-130.4866073739183
-38.28179716633977
-155.8330928471118
153.38153026649005
-58.445987875563986
-58.416631204129885
-45.94400530285968
-184.75950047772056
-28.202553118289586
-4.707774681502585
249.01545049372896
-252.5157951470112
-173.22656708925973
-192.8481213901501
237.6156722315424
-60.53893807347639
-51.72006679965541
-36.05278869991379
-77.81814159646376
-177.16132521146415
-35.510278963947144
135.3674365081168
-264.9012787763023
-159.9039695825253
-222.98522910494665
-247.90552580360318
-321.28870896466447
-271.8327497258118
-211.66965818257975
-292.16743445405524
-244.36726185712894
-349.1102365388416
174.41352423901043
-306.2998390852414
33.41421978932635
34.6268408219031
-309.9914771577207
-298.8762402209189
-41.80855619959908
-157.50079414273284
-212.8181130867185
-190.53961351559974
-191.39012384887346
-226.4494166838671
-274.8664879791341
-303.28017338970324
-140.96967805006238
-175.98979818856478
-278.4541208032689
-82.6221669233478
-38.125673773086554
-256.97136980180005
-47.7717336588042
-435.81022233402126
-204.7270526964743
-204.92592713294633
-62.6537192365426
67.2890575472986
-37.28494606755323
-112.64568145467524
-198.3617900693393
-91.56048309131936
-121.80433404000378
-45.95561570167249
13.884175482333802
-65.91016358135893
21.58922206569919
251.7298400391097
-90.84544683941866
-8.027785956243946
-295.76536024257433
-187.3417679713243
-287.414361235835
-82.26483671469116
34.135759040214054
-13.88362158815481
4.924900521037316
205.4140446510242
-24.98641487566185
38.17682494388984
-196.06163340305307
-248.65965193386975
-93.23786812312113
-71.10865383589699
-50.486851823102846
44.15430984942088
-63.50976014415818
171.70556225497194
70.08653996308718
-4.960199265755264
-70.50367394337484
-98.68052233034648
-173.2322680506942
-2.0339688025227787
-49.97416489057376
24.634293197269344
24.027261585751567
77.17394194095976
-137.85164074797274
207.590450189951
37.87818926795504
-67.99852159290616
265.7392583963548
40.01303677816031
77.73232043791829
-133.70341029421382
-65.9849241421744
-23.234801345599152
-22.436972934637293
37.58463112816901
-35.75707020574147
15.606263017374587
-7.305884878967175
126.98165145484185
1.2943348748202226
-51.57280514305466
-56.29073254334532
38.29756868711965
-41.89380705504419
25.23109420502672
-67.85853976269954
-4.016916200341727
-3.9556194428983247
-224.24014365781437
153.03791860039937
129.2322054748871
-3.3280842860911273
-164.33489560386164
32.87508632160029
65.24660762556164
-75.28761535309717
-174.83450501620962
-58.43846016448393
149.95414930542603
-67.13400451120354
-24.5165508125844
41.80222017104404
-35.029861240794574
42.462697408408076
-41.023202361736864
-21.555926434152354
-81.48751769878743
-42.63056658009788
-26.40126779875841
-142.97038264080018
150.92699770728046
-135.56980531698596
-115.08911962478385
255.83353524908142
-194.11347680076895
71.07456238123248
234.91393757610666
-34.74514358400387
-120.6550124447743
38.692695397896586
-99.40610601146125
-153.40203890526092
68.88187826091581
32.01070953621911
-143.96206752027123
-37.812839280286916
-137.6891162320452
-71.28132016971833
51.432590212400754
-2.929124876870688
-69.67189758533154
-33.79987847906575
-171.56778411941227
228.47742511464116
-6.851806774832596
-129.30319739993647
-148.75765883568596
-15.658819115615806
-224.7254062425863
41.41135018649956
-95.15069883018126
-61.11169511041139
-50.03854826857992
205.87622510800597
-95.29492587735122
-40.01809964210788
-230.8478383978203
43.68112929791576
-53.55417671775615
-32.17219854415185
-67.50574154286122
-49.13477678493092
-50.23852167428245
-101.87455006399732
-259.476144847838
63.63869039275272
-177.86294475974887
210.83989863203107
68.5336639753096
30.20136366694399
15.124945647777054
-122.28207692759501
-20.881447981990544
-85.90321264012412
-103.47751978075333
-61.06609691456792
-11.832564064474738
15.951564828633124
-30.49070045433203
1.9507571515734372
-108.29607952725453
-18.88926769642224
-5.903476080421484
98.11367567249206
-80.30175962904816
-107.79848825655948
-100.31422612871152
-162.4971984433122
-101.66051862987068
-0.5148018386906728
45.365885129466335
4.941271323754265
-47.93349352354105
-32.38057857179839
-22.96402143945491
-152.68690173656972
9.465921247396338
-81.13595099716402
184.4811428833877
15.627217254596687
-20.624362854131785
-60.9741457979169
9.11763702149507
43.51547842988755
-79.90212438431598
190.72013651599025
25.79147703454676
-46.385350899401615
208.7896057917559
-61.20987446691919
166.33247604638984
-171.69625373734885
-13.942966557348058
-6.818445443308931
220.85442996875173
-64.19307515921396
4.2934690967838804
-27.909593293977448
-97.0161614681801
-59.973234692203604
-73.29775925310427
-59.131188575696996
182.3407986308003
71.89610315393628
-0.02768276026382921
181.36949018150509
-10.54803953832807
21.88860489386721
-18.782584490965576
-51.6817181289679
-49.71882511630523
-12.597998505026936
-27.75016741589645
21.371107295138955
131.87827880273105
-148.41727515768787
-11.352403623536176
-143.496782677861
-172.79325916859577
-27.49708733868671
-24.098822140945913
269.93148933231475
-130.03412270974133
-15.713336581050456
255.02652973503777
-130.7985832804977
153.21873107251753
-18.888909039819723
-215.64189397988628
-43.54880949718497
-176.8958616719291
-258.34619768588425
144.32888196577267
-47.04795223689467
234.16157804521782
-22.259357492438866
-17.018635267921784
26.55855939548614
-203.77707513168068
-53.020619601514085
-219.083476795666
160.559290769035
29.758384667991898
-5.135932655147471
-38.83308776710589
-43.087919455329626
-46.94422331817718
37.76630696931824
47.903193739545486
211.96795427905272
169.25999331588164
-141.39508822879907
-51.469853309295104
-105.24369209842662
0.04658498688164059
2.977289333598719
185.26053268307723
-40.58889977711752
36.8364890614352
-37.47929290219648
-36.696062206876576
-0.3915008451124038
94.09428270725759
3.399813519039668
-69.97742847905624
215.5859427155404
-15.961586454227328
205.0003738264616
221.28496965572361
-40.38927301423955
114.46796099007787
-154.95324007923878
230.74912969064658
-51.906861261895955
-83.13790803216031
-38.811274472815796
-110.03908442720264
-67.31646006698324
-64.096615764167
198.78136197293242
19.974452725585564
228.18267813622626
-6.625507965628088
-143.08547697841757
-64.03467048380405
-122.10170041578971
