-241.6342832415025
-190.0061215017109
-229.60092775097263
-38.27956354089038
-205.40588343075353
-24.72723143036538
-109.89771238405572
-199.47858457019979
-12.428535061708743
-35.51268503679216
-274.2990041216475
-183.2736692168558
-287.271707696549
-94.30722781740987
184.20091239956224
-268.1838457106085
-216.41275064384575
-301.09213554681037
-90.37377239803314
-89.15753633488619
-132.093227601567
-75.22362480531567
-351.8555329548109
-224.02277180255248
-171.06010391398326
-421.51665337139076
-356.34669341065637
-353.5410521294558
-364.8664454897485
-443.0765199997304
-239.46742661458782
-360.6634423333776
-242.50214619217863
-300.38685478544687
-403.51440184093747
-299.21738757709693
-319.31751381731874
-327.43279141595895
-391.34509839453267
-27.143901789349343
-234.9187999003998
-302.6762040341026
-58.74464236088924
-160.34526247581812
17.164502313836067
-227.59431008953078
-152.2386504162959
8.65485867043045
-105.77898276207374
156.0379226128349
-16.98501348460043
-303.67800067030663
-176.30610278654888
156.50463301436926
18.210520212838517
-54.22302838870633
-237.337626412579
71.05635383346645
165.6401512211276
-215.79646525144932
-82.06524269289216
150.16638024002128
-89.92192107889231
-184.37243010623007
-153.93741869829293
83.72191688481946
94.03627007323382
181.75960597154472
-24.355864287547625
-40.99073326621452
-138.52509445430715
-196.4863985561665
-143.13587393815206
-174.09653446910892
-52.988321435060456
106.5504123892027
-276.35832823747455
-230.01486950118468
-205.13342676982649
44.89999822365923
-215.91748164258934
-258.98440742126377
-119.41068588915043
-182.10473234352003
-28.720180615854645
60.89468652948227
-34.58681927981083
157.91110847475733
28.588873652042423
-62.879258773741014
-92.69325952274653
-29.622754106790737
-163.39037455458444
-6.8038239694006535
138.98819140488678
-119.27247549520744
-247.1667181274978
-32.572897492945344
58.51781889029195
37.97743384076966
-76.15231798604749
-153.0755934645971
-84.97791036293425
-150.0621767839208
-104.75474758068512
-262.31605420317544
123.60194147920977
-219.82762375208515
137.1262249686704
-205.34156217094122
38.731464517565
-11.637745315128626
81.01930884298092
24.903836186441254
61.4488864298236
-117.98351659269663
-14.382007319926714
16.27370168007606
72.2419013818608
-73.50873107369517
-172.78749526313652
-4.752211510679274
-136.64780807020597
-188.29556239855998
-48.03165020300782
-120.90090339214674
146.54247827742785
127.80714840744132
276.789361199081
-154.80373829000266
72.33266599597113
-139.82211043487575
-12.313204369174244
16.022152988883406
-29.77852589852236
35.10824628171998
20.555778127683197
15.928482108118288
19.720705191524488
111.62488697749518
23.10114973408541
72.47629480487443
270.33086156981176
-97.75505477556071
-23.391135818060036
-203.31184273460343
-179.8460659708412
155.40178175544253
-136.7932753617727
148.82131604052378
-200.86472935891715
110.30796169652061
-31.54812039607388
22.481424321525836
233.6008691530645
-36.677429234854806
262.3721420480638
19.063335795764527
196.50345326790875
-60.34317318580004
-16.582975836314635
77.9326234211176
108.9627337170177
-161.6159037173381
15.961678008084178
37.37593139196309
-3.4878276194608278
-80.55445997802266
3.831882117060829
-30.373115442367407
-158.94432958045275
118.90230122521166
-128.4962257684428
28.699805480733403
-37.80070174416911
139.14200651758514
-87.39167415533846
-98.49631507591535
20.080828864894247
49.59487715714525
40.066824973435615
141.23985949219738
-36.51213793895588
-48.513663009896796
206.11682227274508
-197.4147932618801
19.296077438740326
-89.28138339228134
112.21199179860868
246.0554339721588
-59.961513870376905
-32.050910409149374
166.6522637335502
-9.278549613865323
5.118266031391727
-22.32428081680871
-84.99151764029688
255.76545871380102
-75.32959352203763
-71.88209368227523
-45.55721435860462
-137.20791732382997
129.1346002830266
-152.1855825040708
-56.61857954526778
-80.37888572894002
-150.44936085320748
-107.33545017776339
189.58320222064893
111.94268425227493
40.170658257442035
-21.84451098656656
-35.47478972749289
31.002769701581787
45.849802175036466
41.778240325145134
253.0742965731551
-281.0302607487984
-68.08024858143199
170.73842070350335
-113.34342511507722
-10.601251416507873
-22.42119364137362
-212.32944033396328
-130.91273088239546
-117.25045168330256
-146.68553666744145
-11.31027945211411
-71.62189849064038
113.88602375891104
-79.70191680668295
26.11577532809267
3.0528760404806405
-95.56842765443837
-0.5046484696579654
47.55624485784608
-35.075003290928464
-127.81344275287987
-14.279811657365329
-63.700641610389795
-98.15306858889647
-47.314407604688
-149.94724348841538
-174.96060362822783
-88.64820341923325
-25.667971982279383
-129.55988416498917
167.41135598508367
-158.75376144947748
-103.13607011537097
-59.43019340345597
29.639132927730117
24.041767899008235
-184.331307489325
-94.2701153478907
9.940044124640622
234.52597864524023
-116.79486313111984
-139.20884676386953
-20.056586887797096
8.840280887414053
-1.9569950939860519
-48.322773310337126
204.1562174944409
25.700375425596746
-173.33158439601502
1.094844884645795
-112.4247672513236
-137.44710074480548
243.21776881760385
7.861570077456889
-7.253176590632691
60.515421352624685
107.59693208488365
-16.39609737172917
91.48440717577579
-119.82092424340131
-58.13752891973442
-113.21404013821025
-20.889902574833442
-159.84509006515987
-117.9521070448211
-165.92749730603322
-39.031183171303496
-46.653204067946504
-62.67533985585611
-92.26005610951212
-84.91924213981063
40.11566726345524
-149.99207301321513
148.58465833898282
150.20274480121748
-33.59178282085355
44.47475273399198
-139.89000268215347
-149.2246834858887
-128.07973760469199
216.25150661916888
202.86730020084417
-102.26387849654309
192.0724111288988
63.78624910983851
9.184898008003273
-141.1945690976504
-48.3409891280687
234.89376880798918
11.45604574739751
-11.670423046088947
212.35630346001068
-17.89460348271129
-117.72417159355544
-94.29974404650216
-161.19552072479053
-48.024141105147706
-31.407623189034553
-52.63033203033304
135.23763014564526
-111.36077953782181
-88.42736818388113
-57.69083211784212
39.32136480722613
-77.47550863949992
-132.3267220532016
132.48542974258822
-24.123051526138
-55.024521623334365
208.09604541918094
154.90731324639302
-59.747952829743525
163.94657769452317
-114.23358541334471
-102.67715296498204
-110.00007889348286
-40.49036335029979
-94.05265461887271
-76.70026780260636
-49.75257497882956
-90.0973959278701
-158.61449776236677
-144.1817517696365
-126.62925812817402
-100.54343973936417
77.28291981047106
-122.66606771064497
-114.36264429643415
-112.42907159062418
-159.37522071539698
-209.01054775968976
-171.93281406896227
-124.15294227390656
-92.98090766474122
-231.93200013971057
-103.42075164567318
-191.3463287593675
-28.947454217331387
-244.7494371932356
-79.75877417278213
14.917249084139797
43.26872807111019
76.55764869186756
-138.98243768914915
41.533360577658044
-105.58217118267022
159.26359460040325
-18.117606697198624
187.41888230969693
44.27946206474323
-63.23002696791224
41.055358520813705
62.739435494610206
-17.701519216785254
-122.01579379040358
35.63522240248906
-92.4244429575982
-66.95028287981495
-109.09137744614246
199.84207208144184
-96.35061651845857
-151.44000724304848
-94.05626470690318
-166.22580175600496
21.20149240888128
16.03521937025876
-24.934659443928453
-84.14726252185918
-63.61485390510018
148.35812150411897
-46.65545059570672
-75.97269951622802
-47.663354612025785
238.92376520264347
138.97394010632064
243.01444737988362
-147.35352429668833
225.19534381184138
-142.98340234557168
-61.5180725500047
-66.62551332334361
-122.00052183221922
-99.45024066798543
-58.54358977757623
-27.22368104385445
-187.79276967969778
-110.3736221096469
-180.69694826761494
-126.93934896581635
-119.25056508190332
-75.34467736659509
-127.84468008175351
-110.37310375242163
-235.6933339597723
-128.06691631402978
-129.80646573750138
-26.826264410174176
-75.56550246778411
-39.86887287886684
-97.39744047463665
-39.72657801864096
56.03460929937148
-52.9399426852046
-6.8792452090802385
-52.64063133430372
-109.90486356926796
-46.07217057175771
-60.98329252150991
-137.09988376413295
18.569694112054666
-145.1975307941128
-67.21292453587589
-87.63748898573343
-112.96115336483027
20.058746622254873
20.757751392753903
-77.86035976492654
139.90229861316462
-291.2068928549631
-31.53744195480915
-140.40659035519255
-176.39920177928522
-4.103655994024365
-85.83400581764272
-57.1052600036015
-218.45786989004168
-95.65104956121648
-46.673963723712646
23.98897853000196
-163.40383701863698
-134.59937748099088
-18.863483899642546
43.8034591426634
-139.153003589004
-90.5389740277642
-153.56750571146281
-48.690761032324886
-23.857150275046976
15.743289351801351
1.9594042406104961
-334.52882854588853
78.51501655196944
2.3081210690003076
-175.10326698483698
27.321949580629123
-9.000048917119713
26.615866335872823
-184.9682834819091
-0.7031205821078998
-103.35900081682998
-47.23963635122695
6.279217135488423
-236.7461227432244
226.83770650690752
-146.71405895890325
0.4419226789305952
-53.4217131640713
196.80755811610857
81.55865149488895
-37.2401085206453
247.61249016335134
-0.3281612215290437
20.050979316290835
-2.8960594333949103
69.61834163776405
-0.304568528349342
-112.59475795013394
-7.828892240739279
70.53101676355567
190.07412967678505
20.101505052934357
-52.53866320774229
-98.58509668372608
261.55972836362855
-87.4344751960123
-34.37444619288482
-77.83267227145134
-154.6054403487155
-98.60203255431759
-168.53706045409376
-37.75021397550398
4.044185230089923
-228.4833563428647
-115.93886604033673
-60.22079750825583
-0.8343049142058163
-82.27883989170196
-259.8376876389075
-180.17740125392984
-51.45271183540539
-182.55749013832659
-128.20492951042533
16.357326286923794
-248.59387438603824
-199.0196783924488
-95.17397655593803
-63.1152099709492
-157.4530541681667
-223.17497595644144
-134.18400605476134
-147.32147563225323
-97.15616405640104
-137.27179189263268
60.76932297823532
-149.87263714219728
-73.51137448180039
-87.06380383526172
-25.75273446129536
-93.45440461821191
-94.51028748515266
-103.31325127614782
-42.94039684763687
183.0954911837057
239.03330863020426
-68.7753274156382
12.90008495606827
-43.098137401658526
0.5402382331167619
-196.48075212769155
-42.610318232727444
16.451936359983094
-24.200124155806932
-131.58300093308816
-82.40666586515188
8.55084480190041
-56.10156282920907
55.406608643032484
-9.181033256285957
-15.365679324143613
-31.236374807420447
-24.66709138084022
-63.959989866614876
-87.01975937065676
-30.29220418777994
3.7406699075147003
-73.05906518973403
-75.1434690468507
-77.88391800927413
6.252843585852702
-48.58893611526261
-64.73971562276213
64.35474627156293
-5.347164042435423
249.27776538066
-49.726530848587245
-73.80543122910657
-56.17066139647265
5.5238759229429775
6.367039879437655
-129.78140270745936
-90.42966386923005
-128.99825076645007
-157.04932908980524
43.54437307654827
236.19203463113365
-20.943822446374185
185.61363911432557
-39.79486572579634
-56.156318010926434
254.2266611216146
-28.340636892941536
229.6547530349281
16.47981655002816
-127.25008213413705
-10.128461476374312
-48.087964822332566
32.38818278743156
-149.82161146662418
67.7513796473867
-168.67854783269723
113.4517154075326
35.842768178816016
-1.8203233960212089
-48.268881573028935
98.29984853602335
9.935106167852155
96.19489406696013
-196.22978941493255
-54.02634345556123
10.196007479083988
-47.65988171223178
-40.16135757101487
-28.2159673698373
-26.105984253659983
-68.8095532781839
-71.62272818889616
-62.48533284788355
-37.80894615955759
-84.06754234565578
-177.73692675483898
32.304765848083406
-48.99623380358937
28.183105781288162
-60.865394405052726
35.58567886794367
-39.207033468806905
107.80919634145404
-78.50501755868787
-66.35996057077347
44.696712696033615
-13.869272653367261
-21.87899903548322
-73.50559088983871
-35.78596696509199
-29.426190103803748
302.73788324696767
209.04564103296562
-26.755254087319358
-64.4919078789938
168.50719466982582
108.14444972166967
-71.9324227892774
-38.63701265499776
157.747356858001
79.0492595811273
16.631082543941744
12.734843745749785
26.518751359769837
242.09208034631803
101.81621684487902
119.50420780083763
245.71393885392675
149.96581502661166
1.8851280749401411
-12.34492441377337
-144.30562552918047
20.54168344695841
7.0640329608988
1.9643205897894802
65.36623618821747
9.7528386395105
51.40514661589316
236.63448846736196
32.165064782496124
21.849275537265967
9.142186898274744
247.5023620031744
216.33386679626986
23.515166862000452
-93.83271317648291
-30.972186043640775
244.98146755270602
61.67100063119336
29.904579323701483
-14.898538086303859
228.61658068524682
4.6522642961748915
-4.359597186197519
-112.13138990747004
-119.74346959811304
-69.51325224831393
7.69700610451514
41.57883774926387
-63.09178580590412
-55.271764956065326
29.49815319231567
-94.10212025640436
14.204080416046352
-154.73349650788776
-231.6511551473542
71.37708764782082
77.69797540625991
-203.80342449880231
-230.41317941211472
-191.73197628909676
-102.92519660268721
-90.6466914720295
43.60530492659964
-64.71898592331314
-47.52548835877627
-162.23467981507045
30.937989385744203
-88.40909510473371
-66.9485367209107
-68.09186263916948
66.71973198549912
84.05563007132521
-12.694517962827703
-66.56220357207297
40.418447316932735
221.166656285506
-4.689052363505397
8.422687689962572
-43.50031726147465
-10.219034921807863
199.008780333653
185.2622867178074
169.75653567328612
156.77578587500875
-87.47891041919684
85.61023501794062
-60.96595932637125
58.697887406271235
72.73945863803729
240.43454244879518
189.92860213012193
132.25382180224565
-22.2117258465902
-85.29881569793497
30.65802402867044
94.17788722817423
-29.251797966413477
-12.240398682979077
-34.8601222026291
1.1525367778803712
197.04810006718427
-57.47539278825138
58.12909680466184
16.733162372549984
8.212848197744663
-55.646111264563814
-49.40197541759328
-94.29848321112362
-103.62851365064881
23.667993524385494
-39.20813555627073
-40.16176449249224
-36.07236062664295
26.008900238934075
247.1536255845328
-39.798826956655326
-84.27573691937366
149.15636641263936
-32.99850386413228
236.10312499534075
-64.62542994959014
-75.84034048356591
208.27298761317797
-17.559590014396356
267.75479324179526
-80.98029065447398
134.5677125423616
-112.26589516482703
129.52612128286566
58.81892267109925
38.145296113031264
57.62696860628618
-51.770120765248535
-23.488893531898427
2.5685825658078594
18.666066827577367
34.534061036695675
-34.99729752725072
29.94642873349133
-32.964828223626554
139.0758560042185
34.59221217647354
137.50130676737993
52.02857064910768
5.563998361810263
-83.71571394849515
29.764505679874816
-37.03326524083841
192.42485863270434
-0.9516933395200908
-50.39784311341178
-70.71814379266291
-25.713133350695983
66.80471840550715
-121.65777639733444
78.0968811794938
12.93977955709596
-103.85639530447769
-98.96818665227767
-136.5150259767138
1.453769635508678
32.2537222647118
-94.36463843396864
231.40133552883606
-115.54686509606152
-81.22523570951093
-182.2894527715235
-156.66313839836988
-131.37746695232943
-117.46786901088629
177.01073454874268
183.3160900841101
-205.26637596973205
-38.78305624013244
-89.03200909013638
-57.04306631230713
-144.37499044785665
-41.324772394028244
220.38069692950526
-52.730481206056474
-9.134696749483895
87.81330726227577
-89.50168820927205
116.18643450428188
15.918872957282943
-43.906976095358075
6.1159772880167935
13.644221133902974
23.104019044351062
-39.76926373324119
55.912745996372735
-132.40470165466587
59.060019133409675
3.191653084951753
128.36125192660367
-1.7641237026390855
-43.210290469237364
84.77089846007965
23.764280205566976
4.707579806553525
211.78673279362397
15.875546219723631
85.72302425337057
-2.941773426155848
-151.14758924939383
200.49151465513737
258.1644260709909
-91.7147854283506
-19.640075643385032
-108.9404545410521
-48.846664037603844
-166.2935266686451
-12.826927373559798
256.2514791025429
-76.23475523026403
-21.949442741170998
-119.91351229500427
-79.98300266820891
-21.478936975744865
25.586655651072107
-12.579346231271984
-46.764351768202914
4.579773718230356
142.9386810711722
154.73417174385662
-61.74123376004147
38.63501938016441
-21.13314955755468
-46.083759797249535
13.179231582293056
95.08344945226813
79.59683075350695
149.14989272296262
51.806150436019266
-40.35218678649513
9.536243994461557
-11.730637704257845
-49.819727942788
-29.736304042616283
-19.049133084197308
34.49152048555828
15.386146637182804
165.04356293132253
36.76694783267794
42.2794155265656
60.44036575103725
92.78728782443109
-7.705121703675701
-91.60925143929049
114.36148401942395
-25.86145773821653
129.4588254651319
-74.11190589000972
-37.13830987307779
198.5816269135703
109.42841621819763
54.04345774625227
-39.378185046824754
115.67350349639487
38.04263288704069
32.43046916480926
142.38826254735608
40.84945609331348
5.832258527104934
145.32191349982352
-178.72332302500968
211.70339648764167
103.26147789619141
190.60424650905458
14.524207509349282
55.839428944798186
94.64031511463894
220.86767976360238
38.32961450211127
-18.391490736272544
36.85681373405407
75.28334466945233
227.965354465499
-132.6041545402943
-42.57488095589743
26.95303331812522
-101.48998200574776
-28.67572731576891
225.64951310072803
76.31223570393365
128.0951354908901
262.0965047237422
-47.99806813055036
19.714572335417646
-127.07163492407936
-50.50529819563403
280.6057506337196
147.6219714771774
61.640642416626235
-5.291751468220124
-66.08019228688227
-26.584564524137164
1.0891022978607197
25.18374922946792
-49.31858476662536
-21.146585856635472
-9.619677753991944
273.3822588342707
159.77076652804425
23.56793303049797
67.03451820165486
59.13339152908034
-129.24468324053888
-120.37941288628669
-32.61626254814185
-56.29933765520506
47.36441578223054
132.47344686947156
88.49493537417676
-0.9917481184260311
36.316143725286395
142.12555517164046
-46.45599189471359
33.411866933526994
-36.45378659440898
96.08627227619336
205.62611552599336
-53.25952944686199
43.62637059183291
38.76731860494334
-76.36436324192184
8.116577683927034
-194.72832727396028
-75.06284783370386
-6.069011052307289
166.18789914175667
-120.85180015042192
99.88057637251019
-73.94029029241672
10.380093096686593
-47.4539516852209
93.31508671966716
236.2072175938098
-2.9799277345997806
-43.039035326539036
-137.52377998021691
-18.632343009176154
109.58204125035567
0.06955035019365141
153.47110243739104
-101.49170682771474
78.74006224002326
176.9463717561817
88.34803769371088
181.74601781405602
174.15065229169306
84.88001408386287
-66.5301646737079
23.661832349531224
-129.96955544263957
-140.24429975744326
8.49666425208666
235.22215632958614
179.2088753158368
-153.02027962458703
263.26392081407135
-76.79548565034298
180.97382806896852
48.60351828740417
130.58488549803033
249.45979400747726
5.410025231107724
-84.26741111806882
177.57957353620623
-58.9542769941741
-210.85421103428405
-9.620824745982873
-66.13801563157622
-21.778527465554887
-217.9210927353178
127.7115615657371
-54.01111826070586
179.11395372855594
